0	2	0
0.01	2	-0.04
0.02	1.9996	-0.0798
0.03	1.9988	-0.119393
0.04	1.99761	-0.158772
0.05	1.99602	-0.19793
0.06	1.99404	-0.236861
0.07	1.99167	-0.275558
0.08	1.98892	-0.314013
0.09	1.98578	-0.352222
0.1	1.98225	-0.390176
0.11	1.97835	-0.42787
0.12	1.97407	-0.465298
0.13	1.96942	-0.502453
0.14	1.9644	-0.539329
0.15	1.959	-0.57592
0.16	1.95324	-0.612221
0.17	1.94712	-0.648225
0.18	1.94064	-0.683926
0.19	1.9338	-0.719319
0.2	1.92661	-0.754398
0.21	1.91906	-0.789159
0.22	1.91117	-0.823594
0.23	1.90294	-0.8577
0.24	1.89436	-0.89147
0.25	1.88544	-0.9249
0.26	1.87619	-0.957984
0.27	1.86662	-0.990718
0.28	1.85671	-1.0231
0.29	1.84648	-1.05512
0.3	1.83593	-1.08677
0.31	1.82506	-1.11805
0.32	1.81388	-1.14896
0.33	1.80239	-1.1795
0.34	1.79059	-1.20965
0.35	1.7785	-1.23941
0.36	1.7661	-1.26878
0.37	1.75341	-1.29776
0.38	1.74044	-1.32634
0.39	1.72717	-1.35452
0.4	1.71363	-1.38229
0.41	1.69981	-1.40965
0.42	1.68571	-1.4366
0.43	1.67134	-1.46313
0.44	1.65671	-1.48924
0.45	1.64182	-1.51493
0.46	1.62667	-1.54019
0.47	1.61127	-1.56502
0.48	1.59562	-1.58942
0.49	1.57972	-1.61339
0.5	1.56359	-1.63692
0.51	1.54722	-1.66
0.52	1.53062	-1.68265
0.53	1.51379	-1.70485
0.54	1.49675	-1.7266
0.55	1.47948	-1.7479
0.56	1.462	-1.76875
0.57	1.44431	-1.78915
0.58	1.42642	-1.80909
0.59	1.40833	-1.82857
0.6	1.39004	-1.84759
0.61	1.37157	-1.86616
0.62	1.35291	-1.88426
0.63	1.33406	-1.90189
0.64	1.31505	-1.91907
0.65	1.29586	-1.93577
0.66	1.2765	-1.95201
0.67	1.25698	-1.96778
0.68	1.2373	-1.98308
0.69	1.21747	-1.99791
0.7	1.19749	-2.01227
0.71	1.17737	-2.02616
0.72	1.15711	-2.03958
0.73	1.13671	-2.05252
0.74	1.11618	-2.06499
0.75	1.09553	-2.07699
0.76	1.07476	-2.08852
0.77	1.05388	-2.09957
0.78	1.03288	-2.11015
0.79	1.01178	-2.12026
0.8	0.99058	-2.12989
0.81	0.969281	-2.13905
0.82	0.94789	-2.14774
0.83	0.926413	-2.15596
0.84	0.904853	-2.16371
0.85	0.883216	-2.17099
0.86	0.861506	-2.1778
0.87	0.839728	-2.18414
0.88	0.817887	-2.19001
0.89	0.795987	-2.19542
0.9	0.774032	-2.20036
0.91	0.752029	-2.20484
0.92	0.72998	-2.20886
0.93	0.707892	-2.21241
0.94	0.685768	-2.21551
0.95	0.663613	-2.21815
0.96	0.641431	-2.22033
0.97	0.619228	-2.22206
0.98	0.597007	-2.22333
0.99	0.574774	-2.22415
1	0.552532	-2.22453
1.01	0.530287	-2.22446
1.02	0.508043	-2.22394
1.03	0.485803	-2.22298
1.04	0.463573	-2.22158
1.05	0.441357	-2.21975
1.06	0.41916	-2.21747
1.07	0.396985	-2.21477
1.08	0.374838	-2.21164
1.09	0.352721	-2.20807
1.1	0.33064	-2.20409
1.11	0.3086	-2.19968
1.12	0.286603	-2.19485
1.13	0.264654	-2.18961
1.14	0.242758	-2.18396
1.15	0.220919	-2.17789
1.16	0.19914	-2.17142
1.17	0.177425	-2.16455
1.18	0.15578	-2.15727
1.19	0.134207	-2.1496
1.2	0.112711	-2.14154
1.21	0.0912958	-2.13309
1.22	0.0699649	-2.12425
1.23	0.0487225	-2.11502
1.24	0.0275722	-2.10542
1.25	0.006518	-2.09545
1.26	-0.0144365	-2.0851
1.27	-0.0352875	-2.07439
1.28	-0.0560313	-2.06331
1.29	-0.0766644	-2.05187
1.3	-0.0971831	-2.04008
1.31	-0.117584	-2.02793
1.32	-0.137863	-2.01544
1.33	-0.158018	-2.00261
1.34	-0.178044	-1.98944
1.35	-0.197938	-1.97593
1.36	-0.217697	-1.96209
1.37	-0.237318	-1.94792
1.38	-0.256798	-1.93344
1.39	-0.276132	-1.91864
1.4	-0.295318	-1.90352
1.41	-0.314353	-1.8881
1.42	-0.333234	-1.87237
1.43	-0.351958	-1.85634
1.44	-0.370522	-1.84002
1.45	-0.388922	-1.82341
1.46	-0.407156	-1.80651
1.47	-0.425221	-1.78934
1.48	-0.443114	-1.77189
1.49	-0.460833	-1.75417
1.5	-0.478375	-1.73618
1.51	-0.495737	-1.71793
1.52	-0.512916	-1.69943
1.53	-0.52991	-1.68067
1.54	-0.546717	-1.66167
1.55	-0.563334	-1.64243
1.56	-0.579758	-1.62295
1.57	-0.595987	-1.60324
1.58	-0.61202	-1.5833
1.59	-0.627853	-1.56314
1.6	-0.643484	-1.54277
1.61	-0.658912	-1.52219
1.62	-0.674134	-1.5014
1.63	-0.689148	-1.48041
1.64	-0.703952	-1.45922
1.65	-0.718544	-1.43785
1.66	-0.732923	-1.41629
1.67	-0.747086	-1.39455
1.68	-0.761031	-1.37263
1.69	-0.774757	-1.35055
1.7	-0.788263	-1.3283
1.71	-0.801546	-1.3059
1.72	-0.814605	-1.28334
1.73	-0.827438	-1.26063
1.74	-0.840045	-1.23778
1.75	-0.852422	-1.21479
1.76	-0.86457	-1.19166
1.77	-0.876487	-1.16841
1.78	-0.888171	-1.14504
1.79	-0.899621	-1.12155
1.8	-0.910837	-1.09795
1.81	-0.921816	-1.07425
1.82	-0.932559	-1.05044
1.83	-0.943063	-1.02654
1.84	-0.953329	-1.00254
1.85	-0.963354	-0.978462
1.86	-0.973139	-0.954303
1.87	-0.982682	-0.930068
1.88	-0.991982	-0.905764
1.89	-1.00104	-0.881396
1.9	-1.00985	-0.856968
1.91	-1.01842	-0.832486
1.92	-1.02675	-0.807955
1.93	-1.03483	-0.783381
1.94	-1.04266	-0.758767
1.95	-1.05025	-0.73412
1.96	-1.05759	-0.709445
1.97	-1.06469	-0.684745
1.98	-1.07153	-0.660028
1.99	-1.07813	-0.635297
2	-1.08449	-0.610558
2.01	-1.09059	-0.585816
2.02	-1.09645	-0.561075
2.03	-1.10206	-0.53634
2.04	-1.10742	-0.511617
2.05	-1.11254	-0.486911
2.06	-1.11741	-0.462226
2.07	-1.12203	-0.437566
2.08	-1.12641	-0.412938
2.09	-1.13054	-0.388345
2.1	-1.13442	-0.363792
2.11	-1.13806	-0.339285
2.12	-1.14145	-0.314828
2.13	-1.1446	-0.290424
2.14	-1.1475	-0.26608
2.15	-1.15016	-0.2418
2.16	-1.15258	-0.217588
2.17	-1.15476	-0.193448
2.18	-1.15669	-0.169386
2.19	-1.15839	-0.145405
2.2	-1.15984	-0.12151
2.21	-1.16106	-0.0977057
2.22	-1.16203	-0.0739961
2.23	-1.16277	-0.0503855
2.24	-1.16328	-0.0268781
2.25	-1.16354	-0.00347817
2.26	-1.16358	0.0198101
2.27	-1.16338	0.0429827
2.28	-1.16295	0.0660354
2.29	-1.16229	0.0889642
2.3	-1.1614	0.111765
2.31	-1.16028	0.134434
2.32	-1.15894	0.156968
2.33	-1.15737	0.179362
2.34	-1.15558	0.201613
2.35	-1.15356	0.223716
2.36	-1.15132	0.245669
2.37	-1.14887	0.267467
2.38	-1.14619	0.289107
2.39	-1.1433	0.310585
2.4	-1.14019	0.331898
2.41	-1.13688	0.353043
2.42	-1.13335	0.374015
2.43	-1.12961	0.394812
2.44	-1.12566	0.41543
2.45	-1.1215	0.435866
2.46	-1.11714	0.456116
2.47	-1.11258	0.476179
2.48	-1.10782	0.496049
2.49	-1.10286	0.515726
2.5	-1.0977	0.535204
2.51	-1.09235	0.554482
2.52	-1.08681	0.573557
2.53	-1.08107	0.592425
2.54	-1.07515	0.611085
2.55	-1.06904	0.629532
2.56	-1.06274	0.647765
2.57	-1.05626	0.665781
2.58	-1.04961	0.683577
2.59	-1.04277	0.701152
2.6	-1.03576	0.718501
2.61	-1.02857	0.735624
2.62	-1.02122	0.752517
2.63	-1.01369	0.769179
2.64	-1.006	0.785607
2.65	-0.998144	0.801799
2.66	-0.990126	0.817753
2.67	-0.981948	0.833467
2.68	-0.973613	0.848938
2.69	-0.965124	0.864166
2.7	-0.956482	0.879147
2.71	-0.947691	0.893881
2.72	-0.938752	0.908366
2.73	-0.929668	0.922599
2.74	-0.920442	0.936579
2.75	-0.911077	0.950305
2.76	-0.901574	0.963775
2.77	-0.891936	0.976988
2.78	-0.882166	0.989942
2.79	-0.872267	1.00264
2.8	-0.86224	1.01507
2.81	-0.85209	1.02724
2.82	-0.841817	1.03914
2.83	-0.831426	1.05078
2.84	-0.820918	1.06216
2.85	-0.810296	1.07327
2.86	-0.799564	1.0841
2.87	-0.788723	1.09468
2.88	-0.777776	1.10498
2.89	-0.766726	1.11501
2.9	-0.755576	1.12477
2.91	-0.744328	1.13425
2.92	-0.732986	1.14347
2.93	-0.721551	1.15241
2.94	-0.710027	1.16108
2.95	-0.698416	1.16948
2.96	-0.686721	1.1776
2.97	-0.674945	1.18544
2.98	-0.663091	1.19302
2.99	-0.651161	1.20031
3	-0.639158	1.20733
3.01	-0.627084	1.21408
3.02	-0.614944	1.22055
3.03	-0.602738	1.22675
3.04	-0.590471	1.23267
3.05	-0.578144	1.23831
3.06	-0.565761	1.24369
3.07	-0.553324	1.24878
3.08	-0.540836	1.25361
3.09	-0.5283	1.25815
3.1	-0.515719	1.26243
3.11	-0.503094	1.26643
3.12	-0.49043	1.27016
3.13	-0.477728	1.27362
3.14	-0.464992	1.27681
3.15	-0.452224	1.27972
3.16	-0.439427	1.28237
3.17	-0.426603	1.28474
3.18	-0.413756	1.28685
3.19	-0.400887	1.28869
3.2	-0.388	1.29027
3.21	-0.375098	1.29158
3.22	-0.362182	1.29262
3.23	-0.349256	1.2934
3.24	-0.336322	1.29392
3.25	-0.323382	1.29418
3.26	-0.310441	1.29417
3.27	-0.297499	1.29391
3.28	-0.28456	1.29339
3.29	-0.271626	1.29262
3.3	-0.2587	1.29158
3.31	-0.245784	1.2903
3.32	-0.232881	1.28876
3.33	-0.219993	1.28698
3.34	-0.207123	1.28494
3.35	-0.194274	1.28266
3.36	-0.181447	1.28013
3.37	-0.168646	1.27736
3.38	-0.155872	1.27435
3.39	-0.143129	1.27109
3.4	-0.130418	1.2676
3.41	-0.117742	1.26387
3.42	-0.105103	1.25991
3.43	-0.0925043	1.25571
3.44	-0.0799472	1.25128
3.45	-0.0674344	1.24662
3.46	-0.0549682	1.24174
3.47	-0.0425508	1.23663
3.48	-0.0301845	1.2313
3.49	-0.0178715	1.22574
3.5	-0.00561407	1.21997
3.51	0.00658566	1.21399
3.52	0.0187255	1.20778
3.53	0.0308034	1.20137
3.54	0.0428171	1.19475
3.55	0.0547645	1.18792
3.56	0.0666437	1.18088
3.57	0.0784525	1.17365
3.58	0.090189	1.16621
3.59	0.101851	1.15857
3.6	0.113437	1.15074
3.61	0.124944	1.14272
3.62	0.136371	1.13451
3.63	0.147717	1.12611
3.64	0.158978	1.11752
3.65	0.170153	1.10876
3.66	0.18124	1.09981
3.67	0.192239	1.09069
3.68	0.203145	1.08139
3.69	0.213959	1.07192
3.7	0.224678	1.06228
3.71	0.235301	1.05247
3.72	0.245826	1.04251
3.73	0.256251	1.03238
3.74	0.266575	1.02209
3.75	0.276796	1.01165
3.76	0.286912	1.00105
3.77	0.296923	0.99031
3.78	0.306826	0.97942
3.79	0.31662	0.968386
3.8	0.326304	0.957212
3.81	0.335876	0.9459
3.82	0.345335	0.934453
3.83	0.354679	0.922874
3.84	0.363908	0.911166
3.85	0.37302	0.899332
3.86	0.382013	0.887375
3.87	0.390887	0.875298
3.88	0.39964	0.863104
3.89	0.408271	0.850795
3.9	0.416779	0.838376
3.91	0.425163	0.825848
3.92	0.433421	0.813216
3.93	0.441553	0.800481
3.94	0.449558	0.787648
3.95	0.457435	0.774718
3.96	0.465182	0.761696
3.97	0.472799	0.748584
3.98	0.480285	0.735385
3.99	0.487638	0.722103
4	0.494859	0.708739
4.01	0.501947	0.695298
4.02	0.5089	0.681783
4.03	0.515718	0.668196
4.04	0.5224	0.654541
4.05	0.528945	0.64082
4.06	0.535353	0.627037
4.07	0.541624	0.613195
4.08	0.547756	0.599296
4.09	0.553749	0.585345
4.1	0.559602	0.571343
4.11	0.565315	0.557294
4.12	0.570888	0.543202
4.13	0.57632	0.529068
4.14	0.581611	0.514896
4.15	0.58676	0.500689
4.16	0.591767	0.486451
4.17	0.596631	0.472183
4.18	0.601353	0.45789
4.19	0.605932	0.443573
4.2	0.610368	0.429236
4.21	0.61466	0.414883
4.22	0.618809	0.400515
4.23	0.622814	0.386137
4.24	0.626676	0.37175
4.25	0.630393	0.357357
4.26	0.633967	0.342963
4.27	0.637396	0.328569
4.28	0.640682	0.314178
4.29	0.643824	0.299793
4.3	0.646822	0.285418
4.31	0.649676	0.271054
4.32	0.652386	0.256706
4.33	0.654953	0.242374
4.34	0.657377	0.228063
4.35	0.659658	0.213775
4.36	0.661796	0.199513
4.37	0.663791	0.18528
4.38	0.665643	0.171078
4.39	0.667354	0.156909
4.4	0.668923	0.142778
4.41	0.670351	0.128685
4.42	0.671638	0.114635
4.43	0.672784	0.100629
4.44	0.673791	0.0866703
4.45	0.674657	0.0727611
4.46	0.675385	0.0589041
4.47	0.675974	0.0451019
4.48	0.676425	0.0313569
4.49	0.676739	0.0176716
4.5	0.676915	0.00404852
4.51	0.676956	-0.00951003
4.52	0.676861	-0.0230016
4.53	0.676631	-0.0364238
4.54	0.676266	-0.0497743
4.55	0.675769	-0.0630508
4.56	0.675138	-0.0762509
4.57	0.674376	-0.0893724
4.58	0.673482	-0.102413
4.59	0.672458	-0.115371
4.6	0.671304	-0.128243
4.61	0.670022	-0.141028
4.62	0.668611	-0.153723
4.63	0.667074	-0.166327
4.64	0.665411	-0.178837
4.65	0.663623	-0.191251
4.66	0.66171	-0.203567
4.67	0.659674	-0.215783
4.68	0.657517	-0.227898
4.69	0.655238	-0.239909
4.7	0.652838	-0.251814
4.71	0.65032	-0.263611
4.72	0.647684	-0.2753
4.73	0.644931	-0.286877
4.74	0.642062	-0.298341
4.75	0.639079	-0.309691
4.76	0.635982	-0.320924
4.77	0.632773	-0.332039
4.78	0.629453	-0.343034
4.79	0.626022	-0.353908
4.8	0.622483	-0.364659
4.81	0.618836	-0.375285
4.82	0.615084	-0.385786
4.83	0.611226	-0.396158
4.84	0.607264	-0.406402
4.85	0.6032	-0.416515
4.86	0.599035	-0.426497
4.87	0.59477	-0.436345
4.88	0.590407	-0.446059
4.89	0.585946	-0.455637
4.9	0.58139	-0.465077
4.91	0.576739	-0.47438
4.92	0.571995	-0.483543
4.93	0.56716	-0.492565
4.94	0.562234	-0.501445
4.95	0.55722	-0.510183
4.96	0.552118	-0.518776
4.97	0.54693	-0.527225
4.98	0.541658	-0.535527
4.99	0.536302	-0.543683
5	0.530866	-0.55169
5.01	0.525349	-0.559549
5.02	0.519753	-0.567258
5.03	0.514081	-0.574817
5.04	0.508332	-0.582225
5.05	0.50251	-0.58948
5.06	0.496615	-0.596583
5.07	0.49065	-0.603532
5.08	0.484614	-0.610328
5.09	0.478511	-0.616968
5.1	0.472341	-0.623454
5.11	0.466107	-0.629783
5.12	0.459809	-0.635956
5.13	0.453449	-0.641973
5.14	0.44703	-0.647832
5.15	0.440551	-0.653533
5.16	0.434016	-0.659077
5.17	0.427425	-0.664462
5.18	0.420781	-0.669688
5.19	0.414084	-0.674755
5.2	0.407336	-0.679663
5.21	0.40054	-0.684411
5.22	0.393695	-0.689
5.23	0.386805	-0.693429
5.24	0.379871	-0.697698
5.25	0.372894	-0.701807
5.26	0.365876	-0.705756
5.27	0.358819	-0.709544
5.28	0.351723	-0.713173
5.29	0.344591	-0.716642
5.3	0.337425	-0.71995
5.31	0.330225	-0.723099
5.32	0.322994	-0.726088
5.33	0.315734	-0.728918
5.34	0.308444	-0.731588
5.35	0.301129	-0.734099
5.36	0.293788	-0.736451
5.37	0.286423	-0.738644
5.38	0.279037	-0.740679
5.39	0.27163	-0.742557
5.4	0.264204	-0.744277
5.41	0.256761	-0.745839
5.42	0.249303	-0.747245
5.43	0.241831	-0.748495
5.44	0.234346	-0.749589
5.45	0.22685	-0.750528
5.46	0.219345	-0.751313
5.47	0.211831	-0.751943
5.48	0.204312	-0.75242
5.49	0.196788	-0.752744
5.5	0.18926	-0.752916
5.51	0.181731	-0.752937
5.52	0.174202	-0.752807
5.53	0.166674	-0.752527
5.54	0.159148	-0.752097
5.55	0.151627	-0.75152
5.56	0.144112	-0.750795
5.57	0.136604	-0.749923
5.58	0.129105	-0.748906
5.59	0.121616	-0.747743
5.6	0.114139	-0.746437
5.61	0.106674	-0.744987
5.62	0.0992244	-0.743396
5.63	0.0917904	-0.741663
5.64	0.0843738	-0.739791
5.65	0.0769759	-0.737779
5.66	0.0695981	-0.73563
5.67	0.0622418	-0.733344
5.68	0.0549083	-0.730922
5.69	0.0475991	-0.728366
5.7	0.0403155	-0.725676
5.71	0.0330587	-0.722854
5.72	0.0258302	-0.719901
5.73	0.0186312	-0.716818
5.74	0.011463	-0.713606
5.75	0.00432693	-0.710267
5.76	-0.00277574	-0.706803
5.77	-0.00984377	-0.703213
5.78	-0.0168759	-0.6995
5.79	-0.0238709	-0.695665
5.8	-0.0308276	-0.691709
5.81	-0.0377446	-0.687634
5.82	-0.044621	-0.683441
5.83	-0.0514554	-0.679132
5.84	-0.0582467	-0.674707
5.85	-0.0649938	-0.670168
5.86	-0.0716955	-0.665518
5.87	-0.0783506	-0.660756
5.88	-0.0849582	-0.655885
5.89	-0.0915171	-0.650907
5.9	-0.0980261	-0.645822
5.91	-0.104484	-0.640632
5.92	-0.110891	-0.635339
5.93	-0.117244	-0.629945
5.94	-0.123544	-0.62445
5.95	-0.129788	-0.618857
5.96	-0.135977	-0.613167
5.97	-0.142108	-0.607382
5.98	-0.148182	-0.601503
5.99	-0.154197	-0.595532
6	-0.160152	-0.58947
6.01	-0.166047	-0.58332
6.02	-0.17188	-0.577082
6.03	-0.177651	-0.570759
6.04	-0.183359	-0.564352
6.05	-0.189002	-0.557863
6.06	-0.194581	-0.551294
6.07	-0.200094	-0.544646
6.08	-0.20554	-0.537921
6.09	-0.210919	-0.53112
6.1	-0.216231	-0.524246
6.11	-0.221473	-0.5173
6.12	-0.226646	-0.510284
6.13	-0.231749	-0.5032
6.14	-0.236781	-0.496049
6.15	-0.241741	-0.488833
6.16	-0.24663	-0.481554
6.17	-0.251445	-0.474214
6.18	-0.256187	-0.466814
6.19	-0.260856	-0.459356
6.2	-0.265449	-0.451842
6.21	-0.269968	-0.444274
6.22	-0.27441	-0.436653
6.23	-0.278777	-0.428982
6.24	-0.283067	-0.421261
6.25	-0.287279	-0.413494
6.26	-0.291414	-0.405681
6.27	-0.295471	-0.397824
6.28	-0.299449	-0.389925
6.29	-0.303349	-0.381987
6.3	-0.307168	-0.37401
6.31	-0.310909	-0.365996
6.32	-0.314568	-0.357948
6.33	-0.318148	-0.349867
6.34	-0.321647	-0.341755
6.35	-0.325064	-0.333613
6.36	-0.3284	-0.325444
6.37	-0.331655	-0.317249
6.38	-0.334827	-0.309029
6.39	-0.337918	-0.300788
6.4	-0.340925	-0.292525
6.41	-0.343851	-0.284244
6.42	-0.346693	-0.275946
6.43	-0.349453	-0.267632
6.44	-0.352129	-0.259305
6.45	-0.354722	-0.250966
6.46	-0.357232	-0.242617
6.47	-0.359658	-0.234259
6.48	-0.362	-0.225895
6.49	-0.364259	-0.217525
6.5	-0.366435	-0.209152
6.51	-0.368526	-0.200778
6.52	-0.370534	-0.192403
6.53	-0.372458	-0.184031
6.54	-0.374298	-0.175661
6.55	-0.376055	-0.167297
6.56	-0.377728	-0.15894
6.57	-0.379317	-0.15059
6.58	-0.380823	-0.142251
6.59	-0.382246	-0.133923
6.6	-0.383585	-0.125609
6.61	-0.384841	-0.117309
6.62	-0.386014	-0.109026
6.63	-0.387104	-0.10076
6.64	-0.388112	-0.0925144
6.65	-0.389037	-0.0842896
6.66	-0.38988	-0.0760874
6.67	-0.390641	-0.0679094
6.68	-0.39132	-0.059757
6.69	-0.391917	-0.0516318
6.7	-0.392434	-0.0435353
6.71	-0.392869	-0.035469
6.72	-0.393224	-0.0274342
6.73	-0.393498	-0.0194326
6.74	-0.393692	-0.0114655
6.75	-0.393807	-0.00353429
6.76	-0.393842	0.00435953
6.77	-0.393799	0.0122146
6.78	-0.393677	0.0200295
6.79	-0.393476	0.0278029
6.8	-0.393198	0.0355334
6.81	-0.392843	0.0432197
6.82	-0.392411	0.0508604
6.83	-0.391902	0.0584544
6.84	-0.391318	0.0660001
6.85	-0.390658	0.0734965
6.86	-0.389923	0.0809422
6.87	-0.389113	0.0883359
6.88	-0.38823	0.0956765
6.89	-0.387273	0.102963
6.9	-0.386244	0.110193
6.91	-0.385142	0.117367
6.92	-0.383968	0.124483
6.93	-0.382723	0.13154
6.94	-0.381408	0.138537
6.95	-0.380022	0.145472
6.96	-0.378568	0.152346
6.97	-0.377044	0.159155
6.98	-0.375453	0.1659
6.99	-0.373794	0.17258
7	-0.372068	0.179193
7.01	-0.370276	0.185738
7.02	-0.368419	0.192215
7.03	-0.366496	0.198622
7.04	-0.36451	0.204959
7.05	-0.362461	0.211225
7.06	-0.360348	0.217418
7.07	-0.358174	0.223537
7.08	-0.355939	0.229583
7.09	-0.353643	0.235554
7.1	-0.351287	0.241449
7.11	-0.348873	0.247268
7.12	-0.3464	0.253009
7.13	-0.34387	0.258672
7.14	-0.341283	0.264256
7.15	-0.338641	0.26976
7.16	-0.335943	0.275184
7.17	-0.333191	0.280527
7.18	-0.330386	0.285788
7.19	-0.327528	0.290967
7.2	-0.324619	0.296063
7.21	-0.321658	0.301075
7.22	-0.318647	0.306003
7.23	-0.315587	0.310846
7.24	-0.312479	0.315603
7.25	-0.309323	0.320275
7.26	-0.30612	0.32486
7.27	-0.302871	0.329358
7.28	-0.299578	0.333769
7.29	-0.29624	0.338091
7.3	-0.292859	0.342326
7.31	-0.289436	0.346471
7.32	-0.285971	0.350528
7.33	-0.282466	0.354494
7.34	-0.278921	0.358371
7.35	-0.275337	0.362158
7.36	-0.271716	0.365854
7.37	-0.268057	0.369459
7.38	-0.264363	0.372973
7.39	-0.260633	0.376395
7.4	-0.256869	0.379726
7.41	-0.253072	0.382964
7.42	-0.249242	0.386111
7.43	-0.245381	0.389165
7.44	-0.241489	0.392127
7.45	-0.237568	0.394996
7.46	-0.233618	0.397773
7.47	-0.22964	0.400456
7.48	-0.225636	0.403047
7.49	-0.221605	0.405544
7.5	-0.21755	0.407949
7.51	-0.21347	0.41026
7.52	-0.209368	0.412478
7.53	-0.205243	0.414603
7.54	-0.201097	0.416635
7.55	-0.196931	0.418573
7.56	-0.192745	0.420419
7.57	-0.188541	0.422172
7.58	-0.184319	0.423832
7.59	-0.180081	0.425399
7.6	-0.175827	0.426874
7.61	-0.171558	0.428256
7.62	-0.167275	0.429546
7.63	-0.16298	0.430744
7.64	-0.158672	0.43185
7.65	-0.154354	0.432864
7.66	-0.150025	0.433786
7.67	-0.145687	0.434618
7.68	-0.141341	0.435359
7.69	-0.136988	0.436009
7.7	-0.132628	0.436568
7.71	-0.128262	0.437038
7.72	-0.123892	0.437418
7.73	-0.119517	0.437709
7.74	-0.11514	0.437911
7.75	-0.110761	0.438024
7.76	-0.106381	0.438049
7.77	-0.102	0.437986
7.78	-0.0976205	0.437837
7.79	-0.0932422	0.4376
7.8	-0.0888662	0.437277
7.81	-0.0844934	0.436868
7.82	-0.0801247	0.436373
7.83	-0.075761	0.435794
7.84	-0.0714031	0.43513
7.85	-0.0670518	0.434382
7.86	-0.0627079	0.433551
7.87	-0.0583724	0.432638
7.88	-0.054046	0.431642
7.89	-0.0497296	0.430565
7.9	-0.045424	0.429407
7.91	-0.0411299	0.428168
7.92	-0.0368482	0.42685
7.93	-0.0325797	0.425453
7.94	-0.0283252	0.423977
7.95	-0.0240854	0.422424
7.96	-0.0198612	0.420793
7.97	-0.0156533	0.419086
7.98	-0.0114624	0.417304
7.99	-0.00728936	0.415447
8	-0.0031349	0.413515
8.01	0.00100026	0.41151
8.02	0.00511536	0.409433
8.03	0.00920969	0.407283
8.04	0.0132825	0.405063
8.05	0.0173331	0.402772
8.06	0.0213609	0.400411
8.07	0.025365	0.397982
8.08	0.0293448	0.395485
8.09	0.0332996	0.39292
8.1	0.0372289	0.39029
8.11	0.0411318	0.387594
8.12	0.0450077	0.384833
8.13	0.048856	0.382009
8.14	0.0526761	0.379122
8.15	0.0564673	0.376173
8.16	0.0602291	0.373162
8.17	0.0639607	0.370092
8.18	0.0676616	0.366962
8.19	0.0713312	0.363774
8.2	0.074969	0.360529
8.21	0.0785743	0.357227
8.22	0.0821465	0.353869
8.23	0.0856852	0.350457
8.24	0.0891898	0.346991
8.25	0.0926597	0.343472
8.26	0.0960944	0.339902
8.27	0.0994934	0.33628
8.28	0.102856	0.332609
8.29	0.106182	0.328889
8.3	0.109471	0.325121
8.31	0.112722	0.321306
8.32	0.115935	0.317445
8.33	0.11911	0.313539
8.34	0.122245	0.309589
8.35	0.125341	0.305596
8.36	0.128397	0.301561
8.37	0.131413	0.297485
8.38	0.134388	0.29337
8.39	0.137321	0.289215
8.4	0.140213	0.285023
8.41	0.143064	0.280793
8.42	0.145872	0.276528
8.43	0.148637	0.272228
8.44	0.151359	0.267894
8.45	0.154038	0.263527
8.46	0.156673	0.259129
8.47	0.159265	0.2547
8.48	0.161812	0.250241
8.49	0.164314	0.245754
8.5	0.166772	0.241239
8.51	0.169184	0.236697
8.52	0.171551	0.23213
8.53	0.173872	0.227538
8.54	0.176148	0.222923
8.55	0.178377	0.218285
8.56	0.18056	0.213626
8.57	0.182696	0.208947
8.58	0.184785	0.204249
8.59	0.186828	0.199532
8.6	0.188823	0.194797
8.61	0.190771	0.190047
8.62	0.192672	0.185281
8.63	0.194525	0.180501
8.64	0.19633	0.175708
8.65	0.198087	0.170903
8.66	0.199796	0.166087
8.67	0.201457	0.161261
8.68	0.203069	0.156425
8.69	0.204633	0.151582
8.7	0.206149	0.146731
8.71	0.207617	0.141874
8.72	0.209035	0.137013
8.73	0.210405	0.132147
8.74	0.211727	0.127278
8.75	0.213	0.122407
8.76	0.214224	0.117535
8.77	0.215399	0.112663
8.78	0.216526	0.107792
8.79	0.217604	0.102922
8.8	0.218633	0.0980556
8.81	0.219613	0.0931927
8.82	0.220545	0.0883345
8.83	0.221429	0.0834819
8.84	0.222264	0.0786359
8.85	0.22305	0.0737974
8.86	0.223788	0.0689675
8.87	0.224478	0.0641469
8.88	0.225119	0.0593366
8.89	0.225712	0.0545375
8.9	0.226258	0.0497506
8.91	0.226755	0.0449767
8.92	0.227205	0.0402167
8.93	0.227607	0.0354715
8.94	0.227962	0.030742
8.95	0.228269	0.0260291
8.96	0.22853	0.0213335
8.97	0.228743	0.0166563
8.98	0.228909	0.0119981
8.99	0.229029	0.00735994
9	0.229103	0.00274255
9.01	0.22913	-0.00185322
9.02	0.229112	-0.00642657
9.03	0.229048	-0.0109767
9.04	0.228938	-0.0155027
9.05	0.228783	-0.020004
9.06	0.228583	-0.0244796
9.07	0.228338	-0.0289289
9.08	0.228049	-0.033351
9.09	0.227715	-0.0377452
9.1	0.227338	-0.0421108
9.11	0.226917	-0.046447
9.12	0.226452	-0.0507531
9.13	0.225945	-0.0550284
9.14	0.225394	-0.0592721
9.15	0.224802	-0.0634837
9.16	0.224167	-0.0676623
9.17	0.22349	-0.0718073
9.18	0.222772	-0.0759181
9.19	0.222013	-0.0799939
9.2	0.221213	-0.0840342
9.21	0.220373	-0.0880383
9.22	0.219492	-0.0920056
9.23	0.218572	-0.0959354
9.24	0.217613	-0.0998272
9.25	0.216615	-0.10368
9.26	0.215578	-0.107494
9.27	0.214503	-0.111268
9.28	0.21339	-0.115002
9.29	0.21224	-0.118695
9.3	0.211053	-0.122346
9.31	0.20983	-0.125955
9.32	0.20857	-0.129522
9.33	0.207275	-0.133046
9.34	0.205945	-0.136526
9.35	0.204579	-0.139963
9.36	0.20318	-0.143354
9.37	0.201746	-0.146701
9.38	0.200279	-0.150003
9.39	0.198779	-0.153258
9.4	0.197246	-0.156467
9.41	0.195682	-0.15963
9.42	0.194086	-0.162746
9.43	0.192458	-0.165814
9.44	0.1908	-0.168834
9.45	0.189112	-0.171805
9.46	0.187394	-0.174729
9.47	0.185646	-0.177603
9.48	0.18387	-0.180428
9.49	0.182066	-0.183203
9.5	0.180234	-0.185928
9.51	0.178375	-0.188603
9.52	0.176489	-0.191228
9.53	0.174576	-0.193801
9.54	0.172638	-0.196324
9.55	0.170675	-0.198795
9.56	0.168687	-0.201215
9.57	0.166675	-0.203582
9.58	0.164639	-0.205898
9.59	0.16258	-0.208161
9.6	0.160499	-0.210372
9.61	0.158395	-0.21253
9.62	0.15627	-0.214635
9.63	0.154123	-0.216688
9.64	0.151956	-0.218687
9.65	0.149769	-0.220632
9.66	0.147563	-0.222525
9.67	0.145338	-0.224363
9.68	0.143094	-0.226148
9.69	0.140833	-0.227879
9.7	0.138554	-0.229557
9.71	0.136258	-0.23118
9.72	0.133947	-0.232749
9.73	0.131619	-0.234264
9.74	0.129276	-0.235725
9.75	0.126919	-0.237132
9.76	0.124548	-0.238485
9.77	0.122163	-0.239783
9.78	0.119765	-0.241028
9.79	0.117355	-0.242218
9.8	0.114933	-0.243354
9.81	0.112499	-0.244436
9.82	0.110055	-0.245464
9.83	0.1076	-0.246437
9.84	0.105136	-0.247357
9.85	0.102662	-0.248223
9.86	0.10018	-0.249035
9.87	0.0976897	-0.249794
9.88	0.0951917	-0.250499
9.89	0.0926868	-0.25115
9.9	0.0901753	-0.251748
9.91	0.0876578	-0.252293
9.92	0.0851348	-0.252784
9.93	0.082607	-0.253223
9.94	0.0800748	-0.253609
9.95	0.0775387	-0.253943
9.96	0.0749993	-0.254224
9.97	0.072457	-0.254453
9.98	0.0699125	-0.254629
9.99	0.0673662	-0.254755
10	0.0648187	-0.254828
10.01	0.0622704	-0.25485
10.02	0.0597219	-0.254821
10.03	0.0571737	-0.254742
10.04	0.0546262	-0.254612
10.05	0.0520801	-0.254431
10.06	0.0495358	-0.2542
10.07	0.0469938	-0.25392
10.08	0.0444546	-0.25359
10.09	0.0419187	-0.253212
10.1	0.0393866	-0.252784
10.11	0.0368587	-0.252308
10.12	0.0343357	-0.251783
10.13	0.0318178	-0.251211
10.14	0.0293057	-0.250591
10.15	0.0267998	-0.249925
10.16	0.0243006	-0.249211
10.17	0.0218084	-0.248451
10.18	0.0193239	-0.247645
10.19	0.0168475	-0.246793
10.2	0.0143796	-0.245896
10.21	0.0119206	-0.244954
10.22	0.00947105	-0.243968
10.23	0.00703137	-0.242937
10.24	0.004602	-0.241863
10.25	0.00218337	-0.240746
10.26	-0.000224096	-0.239586
10.27	-0.00261996	-0.238384
10.28	-0.00500379	-0.237139
10.29	-0.00737519	-0.235854
10.3	-0.00973372	-0.234527
10.31	-0.012079	-0.233159
10.32	-0.0144106	-0.231752
10.33	-0.0167281	-0.230305
10.34	-0.0190312	-0.228819
10.35	-0.0213193	-0.227294
10.36	-0.0235923	-0.225731
10.37	-0.0258496	-0.224131
10.38	-0.0280909	-0.222493
10.39	-0.0303158	-0.220819
10.4	-0.032524	-0.219109
10.41	-0.0347151	-0.217363
10.42	-0.0368887	-0.215581
10.43	-0.0390446	-0.213766
10.44	-0.0411822	-0.211916
10.45	-0.0433014	-0.210033
10.46	-0.0454017	-0.208117
10.47	-0.0474829	-0.206168
10.48	-0.0495446	-0.204188
10.49	-0.0515864	-0.202176
10.5	-0.0536082	-0.200133
10.51	-0.0556095	-0.19806
10.52	-0.0575901	-0.195958
10.53	-0.0595497	-0.193826
10.54	-0.061488	-0.191666
10.55	-0.0634046	-0.189478
10.56	-0.0652994	-0.187262
10.57	-0.067172	-0.18502
10.58	-0.0690222	-0.182752
10.59	-0.0708497	-0.180457
10.6	-0.0726543	-0.178138
10.61	-0.0744357	-0.175794
10.62	-0.0761936	-0.173427
10.63	-0.0779279	-0.171036
10.64	-0.0796383	-0.168622
10.65	-0.0813245	-0.166186
10.66	-0.0829864	-0.163729
10.67	-0.0846236	-0.16125
10.68	-0.0862361	-0.158752
10.69	-0.0878237	-0.156233
10.7	-0.089386	-0.153695
10.71	-0.0909229	-0.151139
10.72	-0.0924343	-0.148565
10.73	-0.09392	-0.145974
10.74	-0.0953797	-0.143365
10.75	-0.0968134	-0.140741
10.76	-0.0982208	-0.138101
10.77	-0.0996018	-0.135446
10.78	-0.100956	-0.132777
10.79	-0.102284	-0.130094
10.8	-0.103585	-0.127398
10.81	-0.104859	-0.124689
10.82	-0.106106	-0.121968
10.83	-0.107326	-0.119236
10.84	-0.108518	-0.116494
10.85	-0.109683	-0.113741
10.86	-0.11082	-0.110978
10.87	-0.11193	-0.108207
10.88	-0.113012	-0.105428
10.89	-0.114066	-0.10264
10.9	-0.115093	-0.0998456
10.91	-0.116091	-0.0970445
10.92	-0.117062	-0.0942375
10.93	-0.118004	-0.091425
10.94	-0.118918	-0.0886078
10.95	-0.119804	-0.0857864
10.96	-0.120662	-0.0829614
10.97	-0.121492	-0.0801334
10.98	-0.122293	-0.0773029
10.99	-0.123066	-0.0744705
11	-0.123811	-0.0716368
11.01	-0.124527	-0.0688024
11.02	-0.125215	-0.0659678
11.03	-0.125875	-0.0631337
11.04	-0.126506	-0.0603005
11.05	-0.127109	-0.0574689
11.06	-0.127684	-0.0546394
11.07	-0.12823	-0.0518125
11.08	-0.128749	-0.0489888
11.09	-0.129238	-0.0461689
11.1	-0.1297	-0.0433533
11.11	-0.130134	-0.0405425
11.12	-0.130539	-0.0377371
11.13	-0.130916	-0.0349377
11.14	-0.131266	-0.0321447
11.15	-0.131587	-0.0293586
11.16	-0.131881	-0.0265801
11.17	-0.132147	-0.0238096
11.18	-0.132385	-0.0210476
11.19	-0.132595	-0.0182947
11.2	-0.132778	-0.0155513
11.21	-0.132934	-0.012818
11.22	-0.133062	-0.0100952
11.23	-0.133163	-0.00738349
11.24	-0.133237	-0.00468331
11.25	-0.133283	-0.00199516
11.26	-0.133303	0.000680482
11.27	-0.133297	0.00334315
11.28	-0.133263	0.00599236
11.29	-0.133203	0.00862767
11.3	-0.133117	0.0112486
11.31	-0.133004	0.0138547
11.32	-0.132866	0.0164455
11.33	-0.132701	0.0190206
11.34	-0.132511	0.0215795
11.35	-0.132295	0.0241219
11.36	-0.132054	0.0266472
11.37	-0.131788	0.029155
11.38	-0.131496	0.031645
11.39	-0.13118	0.0341167
11.4	-0.130839	0.0365697
11.41	-0.130473	0.0390036
11.42	-0.130083	0.0414181
11.43	-0.129669	0.0438126
11.44	-0.129231	0.0461869
11.45	-0.128769	0.0485406
11.46	-0.128283	0.0508733
11.47	-0.127775	0.0531846
11.48	-0.127243	0.0554742
11.49	-0.126688	0.0577416
11.5	-0.126111	0.0599867
11.51	-0.125511	0.062209
11.52	-0.124889	0.0644081
11.53	-0.124245	0.0665839
11.54	-0.123579	0.0687358
11.55	-0.122891	0.0708637
11.56	-0.122183	0.0729672
11.57	-0.121453	0.0750461
11.58	-0.120703	0.0770999
11.59	-0.119932	0.0791284
11.6	-0.11914	0.0811314
11.61	-0.118329	0.0831086
11.62	-0.117498	0.0850596
11.63	-0.116647	0.0869843
11.64	-0.115777	0.0888823
11.65	-0.114889	0.0907534
11.66	-0.113981	0.0925974
11.67	-0.113055	0.0944141
11.68	-0.112111	0.0962031
11.69	-0.111149	0.0979643
11.7	-0.110169	0.0996975
11.71	-0.109172	0.101402
11.72	-0.108158	0.103079
11.73	-0.107128	0.104727
11.74	-0.10608	0.106345
11.75	-0.105017	0.107935
11.76	-0.103937	0.109496
11.77	-0.102842	0.111027
11.78	-0.101732	0.112529
11.79	-0.100607	0.114001
11.8	-0.0994669	0.115443
11.81	-0.0983125	0.116855
11.82	-0.0971439	0.118237
11.83	-0.0959616	0.119589
11.84	-0.0947657	0.12091
11.85	-0.0935566	0.122201
11.86	-0.0923346	0.123461
11.87	-0.0910999	0.12469
11.88	-0.089853	0.125889
11.89	-0.0885941	0.127057
11.9	-0.0873236	0.128193
11.91	-0.0860416	0.129299
11.92	-0.0847487	0.130373
11.93	-0.0834449	0.131416
11.94	-0.0821308	0.132428
11.95	-0.0808065	0.133409
11.96	-0.0794724	0.134358
11.97	-0.0781288	0.135275
11.98	-0.0767761	0.136161
11.99	-0.0754145	0.137016
12	-0.0740443	0.137839
12.01	-0.0726659	0.138631
12.02	-0.0712796	0.139391
12.03	-0.0698857	0.14012
12.04	-0.0684845	0.140817
12.05	-0.0670763	0.141483
12.06	-0.0656615	0.142117
12.07	-0.0642403	0.142719
12.08	-0.0628131	0.143291
12.09	-0.0613802	0.14383
12.1	-0.0599419	0.144339
12.11	-0.0584985	0.144816
12.12	-0.0570504	0.145262
12.13	-0.0555977	0.145677
12.14	-0.054141	0.14606
12.15	-0.0526804	0.146413
12.16	-0.0512163	0.146734
12.17	-0.0497489	0.147025
12.18	-0.0482787	0.147285
12.19	-0.0468058	0.147514
12.2	-0.0453307	0.147712
12.21	-0.0438536	0.14788
12.22	-0.0423748	0.148018
12.23	-0.0408946	0.148126
12.24	-0.0394133	0.148203
12.25	-0.0379313	0.14825
12.26	-0.0364488	0.148267
12.27	-0.0349661	0.148255
12.28	-0.0334836	0.148213
12.29	-0.0320014	0.148142
12.3	-0.03052	0.148041
12.31	-0.0290396	0.147911
12.32	-0.0275605	0.147752
12.33	-0.026083	0.147565
12.34	-0.0246073	0.147349
12.35	-0.0231338	0.147104
12.36	-0.0216628	0.146831
12.37	-0.0201945	0.14653
12.38	-0.0187292	0.146202
12.39	-0.0172672	0.145845
12.4	-0.0158087	0.145461
12.41	-0.0143541	0.14505
12.42	-0.0129036	0.144612
12.43	-0.0114575	0.144147
12.44	-0.010016	0.143655
12.45	-0.00857945	0.143137
12.46	-0.00714807	0.142593
12.47	-0.00572214	0.142023
12.48	-0.0043019	0.141428
12.49	-0.00288763	0.140807
12.5	-0.00147956	0.14016
12.51	-7.79574e-005	0.139489
12.52	0.00131693	0.138793
12.53	0.00270487	0.138073
12.54	0.0040856	0.137328
12.55	0.00545888	0.13656
12.56	0.00682448	0.135768
12.57	0.00818216	0.134953
12.58	0.00953169	0.134114
12.59	0.0108728	0.133253
12.6	0.0122054	0.132369
12.61	0.0135291	0.131464
12.62	0.0148437	0.130536
12.63	0.0161491	0.129586
12.64	0.0174449	0.128615
12.65	0.0187311	0.127623
12.66	0.0200073	0.12661
12.67	0.0212734	0.125577
12.68	0.0225292	0.124524
12.69	0.0237744	0.123451
12.7	0.0250089	0.122358
12.71	0.0262325	0.121246
12.72	0.027445	0.120115
12.73	0.0286461	0.118966
12.74	0.0298358	0.117798
12.75	0.0310137	0.116612
12.76	0.0321799	0.115409
12.77	0.033334	0.114188
12.78	0.0344758	0.112951
12.79	0.0356053	0.111696
12.8	0.0367223	0.110426
12.81	0.0378266	0.109139
12.82	0.038918	0.107837
12.83	0.0399963	0.106519
12.84	0.0410615	0.105187
12.85	0.0421134	0.10384
12.86	0.0431518	0.102478
12.87	0.0441766	0.101103
12.88	0.0451876	0.0997137
12.89	0.0461847	0.0983114
12.9	0.0471678	0.0968962
12.91	0.0481368	0.0954683
12.92	0.0490915	0.0940282
12.93	0.0500318	0.0925763
12.94	0.0509575	0.0911128
12.95	0.0518687	0.089638
12.96	0.052765	0.0881525
12.97	0.0536466	0.0866564
12.98	0.0545131	0.0851502
12.99	0.0553646	0.0836342
13	0.056201	0.0821087
13.01	0.0570221	0.0805742
13.02	0.0578278	0.0790309
13.03	0.0586181	0.0774791
13.04	0.0593929	0.0759194
13.05	0.0601521	0.0743519
13.06	0.0608956	0.0727771
13.07	0.0616234	0.0711953
13.08	0.0623353	0.0696069
13.09	0.0630314	0.0680121
13.1	0.0637115	0.0664115
13.11	0.0643756	0.0648052
13.12	0.0650237	0.0631936
13.13	0.0656556	0.0615772
13.14	0.0662714	0.0599562
13.15	0.066871	0.058331
13.16	0.0674543	0.0567019
13.17	0.0680213	0.0550693
13.18	0.068572	0.0534335
13.19	0.0691063	0.0517949
13.2	0.0696243	0.0501538
13.21	0.0701258	0.0485106
13.22	0.0706109	0.0468655
13.23	0.0710796	0.045219
13.24	0.0715318	0.0435713
13.25	0.0719675	0.0419228
13.26	0.0723867	0.0402738
13.27	0.0727894	0.0386247
13.28	0.0731757	0.0369758
13.29	0.0735454	0.0353274
13.3	0.0738987	0.0336799
13.31	0.0742355	0.0320335
13.32	0.0745559	0.0303886
13.33	0.0748597	0.0287456
13.34	0.0751472	0.0271046
13.35	0.0754182	0.0254662
13.36	0.0756729	0.0238305
13.37	0.0759112	0.0221979
13.38	0.0761332	0.0205686
13.39	0.0763389	0.0189431
13.4	0.0765283	0.0173216
13.41	0.0767015	0.0157045
13.42	0.0768586	0.0140919
13.43	0.0769995	0.0124843
13.44	0.0771243	0.0108819
13.45	0.0772331	0.00928498
13.46	0.077326	0.00769389
13.47	0.0774029	0.0061089
13.48	0.077464	0.0045303
13.49	0.0775093	0.00295837
13.5	0.0775389	0.00139339
13.51	0.0775528	-0.000164356
13.52	0.0775512	-0.00171459
13.53	0.0775341	-0.00325704
13.54	0.0775015	-0.00479144
13.55	0.0774536	-0.00631751
13.56	0.0773904	-0.00783499
13.57	0.077312	-0.00934363
13.58	0.0772186	-0.0108431
13.59	0.0771102	-0.0123333
13.6	0.0769868	-0.0138138
13.61	0.0768487	-0.0152845
13.62	0.0766959	-0.0167451
13.63	0.0765284	-0.0181953
13.64	0.0763465	-0.0196348
13.65	0.0761501	-0.0210636
13.66	0.0759395	-0.0224813
13.67	0.0757147	-0.0238877
13.68	0.0754758	-0.0252825
13.69	0.075223	-0.0266656
13.7	0.0749563	-0.0280368
13.71	0.0746759	-0.0293957
13.72	0.074382	-0.0307422
13.73	0.0740746	-0.0320762
13.74	0.0737538	-0.0333973
13.75	0.0734198	-0.0347054
13.76	0.0730728	-0.0360002
13.77	0.0727128	-0.0372817
13.78	0.0723399	-0.0385495
13.79	0.0719545	-0.0398036
13.8	0.0715564	-0.0410437
13.81	0.071146	-0.0422696
13.82	0.0707233	-0.0434811
13.83	0.0702885	-0.0446782
13.84	0.0698417	-0.0458606
13.85	0.0693831	-0.0470281
13.86	0.0689128	-0.0481806
13.87	0.068431	-0.049318
13.88	0.0679378	-0.05044
13.89	0.0674334	-0.0515466
13.9	0.066918	-0.0526375
13.91	0.0663916	-0.0537127
13.92	0.0658544	-0.0547719
13.93	0.0653067	-0.0558152
13.94	0.0647486	-0.0568422
13.95	0.0641802	-0.057853
13.96	0.0636016	-0.0588473
13.97	0.0630132	-0.0598251
13.98	0.0624149	-0.0607863
13.99	0.061807	-0.0617306
14	0.0611897	-0.0626581
14.01	0.0605632	-0.0635686
14.02	0.0599275	-0.064462
14.03	0.0592828	-0.0653383
14.04	0.0586295	-0.0661972
14.05	0.0579675	-0.0670389
14.06	0.0572971	-0.067863
14.07	0.0566185	-0.0686696
14.08	0.0559318	-0.0694587
14.09	0.0552372	-0.07023
14.1	0.0545349	-0.0709836
14.11	0.0538251	-0.0717194
14.12	0.0531079	-0.0724373
14.13	0.0523835	-0.0731372
14.14	0.0516521	-0.0738192
14.15	0.0509139	-0.0744832
14.16	0.0501691	-0.075129
14.17	0.0494178	-0.0757568
14.18	0.0486602	-0.0763663
14.19	0.0478966	-0.0769577
14.2	0.047127	-0.0775309
14.21	0.0463517	-0.0780857
14.22	0.0455708	-0.0786224
14.23	0.0447846	-0.0791407
14.24	0.0439932	-0.0796406
14.25	0.0431968	-0.0801223
14.26	0.0423956	-0.0805856
14.27	0.0415897	-0.0810306
14.28	0.0407794	-0.0814573
14.29	0.0399648	-0.0818656
14.3	0.0391462	-0.0822555
14.31	0.0383236	-0.0826272
14.32	0.0374973	-0.0829805
14.33	0.0366675	-0.0833156
14.34	0.0358344	-0.0836323
14.35	0.0349981	-0.0839309
14.36	0.0341588	-0.0842112
14.37	0.0333166	-0.0844733
14.38	0.0324719	-0.0847172
14.39	0.0316247	-0.0849431
14.4	0.0307753	-0.0851509
14.41	0.0299238	-0.0853406
14.42	0.0290704	-0.0855124
14.43	0.0282153	-0.0856662
14.44	0.0273586	-0.0858022
14.45	0.0265006	-0.0859204
14.46	0.0256414	-0.0860208
14.47	0.0247812	-0.0861035
14.48	0.0239201	-0.0861686
14.49	0.0230584	-0.0862162
14.5	0.0221963	-0.0862463
14.51	0.0213338	-0.086259
14.52	0.0204712	-0.0862543
14.53	0.0196087	-0.0862325
14.54	0.0187464	-0.0861935
14.55	0.0178844	-0.0861375
14.56	0.0170231	-0.0860645
14.57	0.0161624	-0.0859746
14.58	0.0153027	-0.085868
14.59	0.014444	-0.0857447
14.6	0.0135865	-0.0856049
14.61	0.0127305	-0.0854486
14.62	0.011876	-0.0852759
14.63	0.0110232	-0.0850871
14.64	0.0101724	-0.0848821
14.65	0.00932355	-0.0846611
14.66	0.00847694	-0.0844243
14.67	0.0076327	-0.0841717
14.68	0.00679098	-0.0839035
14.69	0.00595195	-0.0836198
14.7	0.00511575	-0.0833208
14.71	0.00428254	-0.0830065
14.72	0.00345248	-0.0826771
14.73	0.00262571	-0.0823327
14.74	0.00180238	-0.0819736
14.75	0.000982643	-0.0815998
14.76	0.000166645	-0.0812114
14.77	-0.000645469	-0.0808087
14.78	-0.00145356	-0.0803918
14.79	-0.00225747	-0.0799607
14.8	-0.00305708	-0.0795158
14.81	-0.00385224	-0.0790571
14.82	-0.00464281	-0.0785847
14.83	-0.00542866	-0.0780989
14.84	-0.00620965	-0.0775999
14.85	-0.00698564	-0.0770877
14.86	-0.00775652	-0.0765625
14.87	-0.00852215	-0.0760246
14.88	-0.00928239	-0.075474
14.89	-0.0100371	-0.074911
14.9	-0.0107862	-0.0743357
14.91	-0.0115296	-0.0737483
14.92	-0.0122671	-0.073149
14.93	-0.0129986	-0.0725379
14.94	-0.013724	-0.0719152
14.95	-0.0144431	-0.0712812
14.96	-0.0151559	-0.0706359
14.97	-0.0158623	-0.0699796
14.98	-0.0165621	-0.0693125
14.99	-0.0172552	-0.0686347
15	-0.0179415	-0.0679464
15.01	-0.018621	-0.0672478
15.02	-0.0192935	-0.0665392
15.03	-0.0199589	-0.0658206
15.04	-0.0206171	-0.0650923
15.05	-0.021268	-0.0643545
15.06	-0.0219115	-0.0636074
15.07	-0.0225476	-0.0628511
15.08	-0.0231761	-0.0620859
15.09	-0.023797	-0.0613119
15.1	-0.0244101	-0.0605294
15.11	-0.0250154	-0.0597386
15.12	-0.0256128	-0.0589396
15.13	-0.0262022	-0.0581326
15.14	-0.0267835	-0.0573179
15.15	-0.0273567	-0.0564957
15.16	-0.0279217	-0.0556661
15.17	-0.0284783	-0.0548293
15.18	-0.0290266	-0.0539856
15.19	-0.0295665	-0.0531351
15.2	-0.0300978	-0.0522781
15.21	-0.0306206	-0.0514148
15.22	-0.0311347	-0.0505453
15.23	-0.0316402	-0.0496699
15.24	-0.0321369	-0.0487887
15.25	-0.0326248	-0.047902
15.26	-0.0331038	-0.04701
15.27	-0.0335739	-0.0461129
15.28	-0.034035	-0.0452109
15.29	-0.0344871	-0.0443041
15.3	-0.0349302	-0.0433928
15.31	-0.0353641	-0.0424773
15.32	-0.0357889	-0.0415576
15.33	-0.0362045	-0.040634
15.34	-0.0366108	-0.0397068
15.35	-0.0370079	-0.038776
15.36	-0.0373956	-0.037842
15.37	-0.037774	-0.0369049
15.38	-0.0381431	-0.0359649
15.39	-0.0385027	-0.0350222
15.4	-0.038853	-0.034077
15.41	-0.0391937	-0.0331296
15.42	-0.039525	-0.03218
15.43	-0.0398468	-0.0312286
15.44	-0.0401591	-0.0302756
15.45	-0.0404619	-0.029321
15.46	-0.0407551	-0.0283652
15.47	-0.0410387	-0.0274082
15.48	-0.0413128	-0.0264504
15.49	-0.0415773	-0.0254919
15.5	-0.0418322	-0.0245329
15.51	-0.0420776	-0.0235736
15.52	-0.0423133	-0.0226142
15.53	-0.0425394	-0.0216548
15.54	-0.042756	-0.0206958
15.55	-0.042963	-0.0197372
15.56	-0.0431603	-0.0187792
15.57	-0.0433481	-0.0178221
15.58	-0.0435263	-0.0168661
15.59	-0.043695	-0.0159112
15.6	-0.0438541	-0.0149577
15.61	-0.0440037	-0.0140059
15.62	-0.0441437	-0.0130558
15.63	-0.0442743	-0.0121076
15.64	-0.0443954	-0.0111616
15.65	-0.044507	-0.0102179
15.66	-0.0446092	-0.00927665
15.67	-0.0447019	-0.00833808
15.68	-0.0447853	-0.00740235
15.69	-0.0448593	-0.00646963
15.7	-0.044924	-0.0055401
15.71	-0.0449794	-0.00461392
15.72	-0.0450256	-0.00369126
15.73	-0.0450625	-0.00277229
15.74	-0.0450902	-0.00185718
15.75	-0.0451088	-0.000946088
15.76	-0.0451182	-3.91819e-005
15.77	-0.0451186	0.000863379
15.78	-0.04511	0.00176143
15.79	-0.0450924	0.00265483
15.8	-0.0450658	0.0035434
15.81	-0.0450304	0.004427
15.82	-0.0449861	0.00530547
15.83	-0.0449331	0.00617867
15.84	-0.0448713	0.00704644
15.85	-0.0448008	0.00790863
15.86	-0.0447217	0.00876511
15.87	-0.0446341	0.00961572
15.88	-0.0445379	0.0104603
15.89	-0.0444333	0.0112988
15.9	-0.0443203	0.0121309
15.91	-0.044199	0.0129567
15.92	-0.0440695	0.0137759
15.93	-0.0439317	0.0145884
15.94	-0.0437858	0.0153941
15.95	-0.0436319	0.0161928
15.96	-0.04347	0.0169845
15.97	-0.0433001	0.017769
15.98	-0.0431224	0.0185462
15.99	-0.042937	0.0193159
16	-0.0427438	0.020078
16.01	-0.042543	0.0208325
16.02	-0.0423347	0.0215792
16.03	-0.0421189	0.022318
16.04	-0.0418957	0.0230488
16.05	-0.0416652	0.0237715
16.06	-0.0414275	0.0244859
16.07	-0.0411827	0.025192
16.08	-0.0409307	0.0258897
16.09	-0.0406718	0.0265789
16.1	-0.0404061	0.0272594
16.11	-0.0401335	0.0279313
16.12	-0.0398542	0.0285943
16.13	-0.0395682	0.0292484
16.14	-0.0392757	0.0298935
16.15	-0.0389768	0.0305296
16.16	-0.0386715	0.0311564
16.17	-0.0383599	0.0317741
16.18	-0.0380422	0.0323824
16.19	-0.0377184	0.0329814
16.2	-0.0373886	0.0335708
16.21	-0.0370528	0.0341507
16.22	-0.0367113	0.034721
16.23	-0.0363641	0.0352817
16.24	-0.0360113	0.0358325
16.25	-0.035653	0.0363736
16.26	-0.0352892	0.0369048
16.27	-0.0349202	0.037426
16.28	-0.0345459	0.0379373
16.29	-0.0341666	0.0384386
16.3	-0.0337822	0.0389297
16.31	-0.0333929	0.0394107
16.32	-0.0329988	0.0398815
16.33	-0.0326	0.0403421
16.34	-0.0321965	0.0407923
16.35	-0.0317886	0.0412323
16.36	-0.0313763	0.0416619
16.37	-0.0309597	0.0420811
16.38	-0.0305389	0.0424899
16.39	-0.030114	0.0428883
16.4	-0.0296851	0.0432761
16.41	-0.0292523	0.0436534
16.42	-0.0288158	0.0440202
16.43	-0.0283756	0.0443764
16.44	-0.0279318	0.044722
16.45	-0.0274846	0.0450571
16.46	-0.027034	0.0453815
16.47	-0.0265802	0.0456952
16.48	-0.0261233	0.0459984
16.49	-0.0256633	0.0462909
16.5	-0.0252004	0.0465727
16.51	-0.0247346	0.0468438
16.52	-0.0242662	0.0471043
16.53	-0.0237952	0.0473541
16.54	-0.0233216	0.0475932
16.55	-0.0228457	0.0478217
16.56	-0.0223675	0.0480395
16.57	-0.0218871	0.0482466
16.58	-0.0214046	0.0484431
16.59	-0.0209202	0.048629
16.6	-0.0204339	0.0488043
16.61	-0.0199458	0.0489689
16.62	-0.0194562	0.049123
16.63	-0.0189649	0.0492665
16.64	-0.0184723	0.0493995
16.65	-0.0179783	0.0495219
16.66	-0.017483	0.0496339
16.67	-0.0169867	0.0497354
16.68	-0.0164894	0.0498264
16.69	-0.0159911	0.0499071
16.7	-0.015492	0.0499774
16.71	-0.0149922	0.0500373
16.72	-0.0144919	0.050087
16.73	-0.013991	0.0501264
16.74	-0.0134897	0.0501556
16.75	-0.0129882	0.0501746
16.76	-0.0124864	0.0501835
16.77	-0.0119846	0.0501823
16.78	-0.0114828	0.0501711
16.79	-0.0109811	0.0501499
16.8	-0.0104796	0.0501188
16.81	-0.00997838	0.0500778
16.82	-0.0094776	0.0500269
16.83	-0.00897734	0.0499663
16.84	-0.00847767	0.0498961
16.85	-0.00797871	0.0498161
16.86	-0.00748055	0.0497266
16.87	-0.00698328	0.0496276
16.88	-0.00648701	0.0495191
16.89	-0.00599182	0.0494013
16.9	-0.0054978	0.0492741
16.91	-0.00500506	0.0491377
16.92	-0.00451369	0.0489921
16.93	-0.00402376	0.0488374
16.94	-0.00353539	0.0486737
16.95	-0.00304865	0.048501
16.96	-0.00256364	0.0483195
16.97	-0.00208045	0.0481292
16.98	-0.00159916	0.0479302
16.99	-0.00111985	0.0477225
17	-0.000642629	0.0475063
17.01	-0.000167566	0.0472816
17.02	0.00030525	0.0470485
17.03	0.000775735	0.0468072
17.04	0.00124381	0.0465576
17.05	0.00170938	0.0463
17.06	0.00217238	0.0460343
17.07	0.00263273	0.0457607
17.08	0.00309033	0.0454792
17.09	0.00354512	0.04519
17.1	0.00399702	0.0448932
17.11	0.00444596	0.0445887
17.12	0.00489184	0.0442769
17.13	0.00533461	0.0439577
17.14	0.00577419	0.0436312
17.15	0.0062105	0.0432975
17.16	0.00664348	0.0429568
17.17	0.00707304	0.0426092
17.18	0.00749914	0.0422547
17.19	0.00792168	0.0418934
17.2	0.00834062	0.0415255
17.21	0.00875587	0.0411511
17.22	0.00916738	0.0407702
17.23	0.00957509	0.040383
17.24	0.00997892	0.0399896
17.25	0.0103788	0.0395901
17.26	0.0107747	0.0391845
17.27	0.0111666	0.0387731
17.28	0.0115543	0.0383559
17.29	0.0119378	0.0379331
17.3	0.0123172	0.0375046
17.31	0.0126922	0.0370708
17.32	0.0130629	0.0366316
17.33	0.0134292	0.0361872
17.34	0.0137911	0.0357376
17.35	0.0141485	0.0352831
17.36	0.0145013	0.0348237
17.37	0.0148496	0.0343596
17.38	0.0151932	0.0338908
17.39	0.0155321	0.0334175
17.4	0.0158662	0.0329398
17.41	0.0161956	0.0324577
17.42	0.0165202	0.0319715
17.43	0.0168399	0.0314813
17.44	0.0171547	0.0309871
17.45	0.0174646	0.030489
17.46	0.0177695	0.0299873
17.47	0.0180694	0.029482
17.48	0.0183642	0.0289732
17.49	0.0186539	0.028461
17.5	0.0189385	0.0279456
17.51	0.019218	0.0274271
17.52	0.0194923	0.0269057
17.53	0.0197613	0.0263813
17.54	0.0200251	0.0258541
17.55	0.0202837	0.0253244
17.56	0.0205369	0.0247921
17.57	0.0207848	0.0242574
17.58	0.0210274	0.0237204
17.59	0.0212646	0.0231812
17.6	0.0214964	0.02264
17.61	0.0217228	0.0220969
17.62	0.0219438	0.021552
17.63	0.0221593	0.0210053
17.64	0.0223694	0.0204571
17.65	0.022574	0.0199075
17.66	0.022773	0.0193564
17.67	0.0229666	0.0188042
17.68	0.0231546	0.0182508
17.69	0.0233371	0.0176965
17.7	0.0235141	0.0171413
17.71	0.0236855	0.0165853
17.72	0.0238514	0.0160286
17.73	0.0240117	0.0154715
17.74	0.0241664	0.0149139
17.75	0.0243155	0.014356
17.76	0.0244591	0.0137979
17.77	0.024597	0.0132397
17.78	0.0247294	0.0126816
17.79	0.0248563	0.0121236
17.8	0.0249775	0.0115658
17.81	0.0250932	0.0110085
17.82	0.0252032	0.0104516
17.83	0.0253078	0.00989524
17.84	0.0254067	0.0093396
17.85	0.0255001	0.00878477
17.86	0.025588	0.00823085
17.87	0.0256703	0.00767793
17.88	0.025747	0.00712614
17.89	0.0258183	0.00657557
17.9	0.0258841	0.00602632
17.91	0.0259443	0.00547851
17.92	0.0259991	0.00493223
17.93	0.0260484	0.00438759
17.94	0.0260923	0.00384468
17.95	0.0261308	0.00330361
17.96	0.0261638	0.00276448
17.97	0.0261914	0.00222738
17.98	0.0262137	0.00169241
17.99	0.0262306	0.00115968
18	0.0262422	0.000629267
18.01	0.0262485	0.000101276
18.02	0.0262495	-0.0004242
18.03	0.0262453	-0.00094707
18.04	0.0262358	-0.00146724
18.05	0.0262211	-0.00198462
18.06	0.0262013	-0.00249912
18.07	0.0261763	-0.00301065
18.08	0.0261462	-0.00351912
18.09	0.026111	-0.00402445
18.1	0.0260708	-0.00452655
18.11	0.0260255	-0.00502533
18.12	0.0259752	-0.00552072
18.13	0.02592	-0.00601262
18.14	0.0258599	-0.00650096
18.15	0.0257949	-0.00698565
18.16	0.025725	-0.00746662
18.17	0.0256504	-0.00794379
18.18	0.0255709	-0.00841708
18.19	0.0254868	-0.00888641
18.2	0.0253979	-0.00935171
18.21	0.0253044	-0.00981291
18.22	0.0252063	-0.0102699
18.23	0.0251036	-0.0107227
18.24	0.0249963	-0.0111712
18.25	0.0248846	-0.0116152
18.26	0.0247685	-0.0120549
18.27	0.0246479	-0.01249
18.28	0.024523	-0.0129205
18.29	0.0243938	-0.0133463
18.3	0.0242604	-0.0137675
18.31	0.0241227	-0.0141838
18.32	0.0239808	-0.0145954
18.33	0.0238349	-0.015002
18.34	0.0236849	-0.0154037
18.35	0.0235308	-0.0158004
18.36	0.0233728	-0.016192
18.37	0.0232109	-0.0165785
18.38	0.0230451	-0.0169598
18.39	0.0228755	-0.0173359
18.4	0.0227022	-0.0177067
18.41	0.0225251	-0.0180723
18.42	0.0223444	-0.0184324
18.43	0.0221601	-0.0187871
18.44	0.0219722	-0.0191364
18.45	0.0217808	-0.0194801
18.46	0.021586	-0.0198184
18.47	0.0213878	-0.020151
18.48	0.0211863	-0.020478
18.49	0.0209815	-0.0207993
18.5	0.0207736	-0.021115
18.51	0.0205624	-0.0214249
18.52	0.0203482	-0.021729
18.53	0.0201309	-0.0220273
18.54	0.0199106	-0.0223198
18.55	0.0196874	-0.0226064
18.56	0.0194613	-0.0228871
18.57	0.0192325	-0.0231619
18.58	0.0190008	-0.0234307
18.59	0.0187665	-0.0236936
18.6	0.0185296	-0.0239505
18.61	0.0182901	-0.0242013
18.62	0.0180481	-0.0244461
18.63	0.0178036	-0.0246848
18.64	0.0175568	-0.0249175
18.65	0.0173076	-0.025144
18.66	0.0170562	-0.0253645
18.67	0.0168025	-0.0255788
18.68	0.0165467	-0.0257869
18.69	0.0162889	-0.0259889
18.7	0.016029	-0.0261848
18.71	0.0157671	-0.0263744
18.72	0.0155034	-0.0265579
18.73	0.0152378	-0.0267352
18.74	0.0149704	-0.0269062
18.75	0.0147014	-0.0270711
18.76	0.0144307	-0.0272298
18.77	0.0141584	-0.0273823
18.78	0.0138845	-0.0275285
18.79	0.0136093	-0.0276686
18.8	0.0133326	-0.0278024
18.81	0.0130546	-0.02793
18.82	0.0127753	-0.0280515
18.83	0.0124947	-0.0281667
18.84	0.0122131	-0.0282758
18.85	0.0119303	-0.0283787
18.86	0.0116465	-0.0284754
18.87	0.0113618	-0.0285659
18.88	0.0110761	-0.0286503
18.89	0.0107896	-0.0287286
18.9	0.0105023	-0.0288008
18.91	0.0102143	-0.0288668
18.92	0.00992565	-0.0289268
18.93	0.00963638	-0.0289806
18.94	0.00934657	-0.0290285
18.95	0.00905629	-0.0290702
18.96	0.00876558	-0.029106
18.97	0.00847452	-0.0291358
18.98	0.00818317	-0.0291596
18.99	0.00789157	-0.0291775
19	0.0075998	-0.0291894
19.01	0.0073079	-0.0291955
19.02	0.00701595	-0.0291957
19.03	0.00672399	-0.02919
19.04	0.00643209	-0.0291785
19.05	0.0061403	-0.0291613
19.06	0.00584869	-0.0291383
19.07	0.00555731	-0.0291096
19.08	0.00526621	-0.0290752
19.09	0.00497546	-0.0290351
19.1	0.00468511	-0.0289894
19.11	0.00439522	-0.0289382
19.12	0.00410584	-0.0288814
19.13	0.00381702	-0.0288191
19.14	0.00352883	-0.0287514
19.15	0.00324132	-0.0286782
19.16	0.00295453	-0.0285996
19.17	0.00266854	-0.0285157
19.18	0.00238338	-0.0284265
19.19	0.00209912	-0.028332
19.2	0.0018158	-0.0282324
19.21	0.00153347	-0.0281275
19.22	0.0012522	-0.0280175
19.23	0.000972022	-0.0279025
19.24	0.000692997	-0.0277824
19.25	0.000415173	-0.0276574
19.26	0.000138599	-0.0275274
19.27	-0.000136675	-0.0273925
19.28	-0.0004106	-0.0272528
19.29	-0.000683129	-0.0271084
19.3	-0.000954212	-0.0269592
19.31	-0.0012238	-0.0268053
19.32	-0.00149186	-0.0266468
19.33	-0.00175832	-0.0264837
19.34	-0.00202316	-0.0263161
19.35	-0.00228632	-0.0261441
19.36	-0.00254776	-0.0259676
19.37	-0.00280744	-0.0257868
19.38	-0.00306531	-0.0256017
19.39	-0.00332132	-0.0254124
19.4	-0.00357545	-0.0252189
19.41	-0.00382764	-0.0250213
19.42	-0.00407785	-0.0248197
19.43	-0.00432605	-0.024614
19.44	-0.00457219	-0.0244044
19.45	-0.00481623	-0.024191
19.46	-0.00505814	-0.0239737
19.47	-0.00529788	-0.0237527
19.48	-0.00553541	-0.0235279
19.49	-0.00577069	-0.0232996
19.5	-0.00600368	-0.0230677
19.51	-0.00623436	-0.0228323
19.52	-0.00646268	-0.0225934
19.53	-0.00668862	-0.0223512
19.54	-0.00691213	-0.0221057
19.55	-0.00713318	-0.0218569
19.56	-0.00735175	-0.0216049
19.57	-0.0075678	-0.0213499
19.58	-0.0077813	-0.0210918
19.59	-0.00799222	-0.0208307
19.6	-0.00820053	-0.0205667
19.61	-0.00840619	-0.0202999
19.62	-0.00860919	-0.0200302
19.63	-0.00880949	-0.0197579
19.64	-0.00900707	-0.0194829
19.65	-0.0092019	-0.0192054
19.66	-0.00939396	-0.0189253
19.67	-0.00958321	-0.0186428
19.68	-0.00976964	-0.0183579
19.69	-0.00995322	-0.0180707
19.7	-0.0101339	-0.0177813
19.71	-0.0103117	-0.0174897
19.72	-0.0104866	-0.017196
19.73	-0.0106586	-0.0169003
19.74	-0.0108276	-0.0166027
19.75	-0.0109936	-0.0163031
19.76	-0.0111567	-0.0160017
19.77	-0.0113167	-0.0156986
19.78	-0.0114737	-0.0153937
19.79	-0.0116276	-0.0150873
19.8	-0.0117785	-0.0147793
19.81	-0.0119263	-0.0144698
19.82	-0.012071	-0.014159
19.83	-0.0122125	-0.0138468
19.84	-0.012351	-0.0135333
19.85	-0.0124863	-0.0132186
19.86	-0.0126185	-0.0129028
19.87	-0.0127476	-0.0125859
19.88	-0.0128734	-0.012268
19.89	-0.0129961	-0.0119492
19.9	-0.0131156	-0.0116295
19.91	-0.0132319	-0.0113091
19.92	-0.013345	-0.0109879
19.93	-0.0134549	-0.010666
19.94	-0.0135615	-0.0103436
19.95	-0.013665	-0.0100207
19.96	-0.0137652	-0.00969726
19.97	-0.0138621	-0.00937347
19.98	-0.0139559	-0.00904936
19.99	-0.0140464	-0.008725
20	-0.0141336	-0.00840044
20.01	-0.0142176	-0.00807577
20.02	-0.0142984	-0.00775104
20.03	-0.0143759	-0.00742632
20.04	-0.0144501	-0.00710167
20.05	-0.0145212	-0.00677715
20.06	-0.0145889	-0.00645285
20.07	-0.0146535	-0.0061288
20.08	-0.0147148	-0.00580509
20.09	-0.0147728	-0.00548177
20.1	-0.0148276	-0.0051589
20.11	-0.0148792	-0.00483656
20.12	-0.0149276	-0.00451479
20.13	-0.0149727	-0.00419366
20.14	-0.0150147	-0.00387324
20.15	-0.0150534	-0.00355358
20.16	-0.0150889	-0.00323475
20.17	-0.0151213	-0.00291679
20.18	-0.0151504	-0.00259979
20.19	-0.0151764	-0.00228378
20.2	-0.0151993	-0.00196883
20.21	-0.015219	-0.001655
20.22	-0.0152355	-0.00134235
20.23	-0.0152489	-0.00103092
20.24	-0.0152592	-0.00072079
20.25	-0.0152665	-0.000412001
20.26	-0.0152706	-0.000104612
20.27	-0.0152716	0.000201322
20.28	-0.0152696	0.000505748
20.29	-0.0152646	0.000808612
20.3	-0.0152565	0.00110986
20.31	-0.0152454	0.00140944
20.32	-0.0152313	0.0017073
20.33	-0.0152142	0.00200339
20.34	-0.0151942	0.00229766
20.35	-0.0151712	0.00259005
20.36	-0.0151453	0.00288052
20.37	-0.0151165	0.00316903
20.38	-0.0150848	0.00345551
20.39	-0.0150502	0.00373993
20.4	-0.0150128	0.00402224
20.41	-0.0149726	0.00430238
20.42	-0.0149296	0.00458032
20.43	-0.0148838	0.00485601
20.44	-0.0148352	0.00512941
20.45	-0.0147839	0.00540047
20.46	-0.0147299	0.00566914
20.47	-0.0146732	0.00593539
20.48	-0.0146139	0.00619918
20.49	-0.0145519	0.00646046
20.5	-0.0144873	0.0067192
20.51	-0.0144201	0.00697535
20.52	-0.0143503	0.00722887
20.53	-0.0142781	0.00747974
20.54	-0.0142033	0.0077279
20.55	-0.014126	0.00797333
20.56	-0.0140462	0.00821598
20.57	-0.0139641	0.00845582
20.58	-0.0138795	0.00869283
20.59	-0.0137926	0.00892695
20.6	-0.0137033	0.00915817
20.61	-0.0136117	0.00938645
20.62	-0.0135179	0.00961175
20.63	-0.0134218	0.00983405
20.64	-0.0133234	0.0100533
20.65	-0.0132229	0.0102695
20.66	-0.0131202	0.0104826
20.67	-0.0130154	0.0106926
20.68	-0.0129084	0.0108995
20.69	-0.0127995	0.0111031
20.7	-0.0126884	0.0113036
20.71	-0.0125754	0.0115009
20.72	-0.0124604	0.0116949
20.73	-0.0123434	0.0118856
20.74	-0.0122246	0.012073
20.75	-0.0121038	0.0122572
20.76	-0.0119813	0.0124379
20.77	-0.0118569	0.0126154
20.78	-0.0117307	0.0127894
20.79	-0.0116028	0.0129601
20.8	-0.0114732	0.0131274
20.81	-0.011342	0.0132912
20.82	-0.0112091	0.0134516
20.83	-0.0110745	0.0136085
20.84	-0.0109385	0.013762
20.85	-0.0108008	0.0139119
20.86	-0.0106617	0.0140584
20.87	-0.0105211	0.0142013
20.88	-0.0103791	0.0143407
20.89	-0.0102357	0.0144766
20.9	-0.0100909	0.0146089
20.91	-0.00994485	0.0147377
20.92	-0.00979748	0.0148629
20.93	-0.00964885	0.0149846
20.94	-0.009499	0.0151026
20.95	-0.00934798	0.0152171
20.96	-0.00919581	0.0153279
20.97	-0.00904253	0.0154352
20.98	-0.00888817	0.0155389
20.99	-0.00873279	0.015639
21	-0.0085764	0.0157354
21.01	-0.00841904	0.0158283
21.02	-0.00826076	0.0159175
21.03	-0.00810158	0.0160031
21.04	-0.00794155	0.0160852
21.05	-0.0077807	0.0161636
21.06	-0.00761906	0.0162384
21.07	-0.00745668	0.0163096
21.08	-0.00729359	0.0163771
21.09	-0.00712981	0.0164411
21.1	-0.0069654	0.0165015
21.11	-0.00680039	0.0165583
21.12	-0.0066348	0.0166115
21.13	-0.00646869	0.0166612
21.14	-0.00630208	0.0167072
21.15	-0.006135	0.0167497
21.16	-0.00596751	0.0167887
21.17	-0.00579962	0.0168241
21.18	-0.00563138	0.016856
21.19	-0.00546282	0.0168843
21.2	-0.00529398	0.0169092
21.21	-0.00512488	0.0169305
21.22	-0.00495558	0.0169483
21.23	-0.0047861	0.0169627
21.24	-0.00461647	0.0169736
21.25	-0.00444673	0.0169811
21.26	-0.00427692	0.0169851
21.27	-0.00410707	0.0169857
21.28	-0.00393721	0.0169829
21.29	-0.00376738	0.0169768
21.3	-0.00359762	0.0169672
21.31	-0.00342794	0.0169543
21.32	-0.0032584	0.0169381
21.33	-0.00308902	0.0169186
21.34	-0.00291983	0.0168958
21.35	-0.00275088	0.0168697
21.36	-0.00258218	0.0168404
21.37	-0.00241378	0.0168078
21.38	-0.0022457	0.0167721
21.39	-0.00207798	0.0167331
21.4	-0.00191065	0.016691
21.41	-0.00174374	0.0166458
21.42	-0.00157728	0.0165974
21.43	-0.0014113	0.016546
21.44	-0.00124584	0.0164915
21.45	-0.00108093	0.0164339
21.46	-0.00091659	0.0163734
21.47	-0.000752856	0.0163098
21.48	-0.000589758	0.0162433
21.49	-0.000427324	0.0161739
21.5	-0.000265585	0.0161016
21.51	-0.000104569	0.0160264
21.52	5.56949e-005	0.0159484
21.53	0.000215179	0.0158675
21.54	0.000373854	0.0157839
21.55	0.000531692	0.0156975
21.56	0.000688667	0.0156083
21.57	0.00084475	0.0155165
21.58	0.000999916	0.0154221
21.59	0.00115414	0.0153249
21.6	0.00130739	0.0152252
21.61	0.00145964	0.015123
21.62	0.00161087	0.0150182
21.63	0.00176105	0.0149109
21.64	0.00191016	0.0148011
21.65	0.00205817	0.0146889
21.66	0.00220506	0.0145743
21.67	0.0023508	0.0144573
21.68	0.00249537	0.014338
21.69	0.00263875	0.0142164
21.7	0.00278092	0.0140925
21.71	0.00292184	0.0139664
21.72	0.00306151	0.0138382
21.73	0.00319989	0.0137078
21.74	0.00333697	0.0135752
21.75	0.00347272	0.0134406
21.76	0.00360712	0.0133039
21.77	0.00374016	0.0131653
21.78	0.00387182	0.0130247
21.79	0.00400206	0.0128821
21.8	0.00413088	0.0127376
21.81	0.00425826	0.0125913
21.82	0.00438417	0.0124432
21.83	0.00450861	0.0122933
21.84	0.00463154	0.0121417
21.85	0.00475296	0.0119883
21.86	0.00487284	0.0118333
21.87	0.00499117	0.0116767
21.88	0.00510794	0.0115185
21.89	0.00522313	0.0113588
21.9	0.00533671	0.0111975
21.91	0.00544869	0.0110348
21.92	0.00555904	0.0108706
21.93	0.00566774	0.0107051
21.94	0.00577479	0.0105382
21.95	0.00588018	0.01037
21.96	0.00598388	0.0102006
21.97	0.00608588	0.0100299
21.98	0.00618618	0.00985803
21.99	0.00628476	0.00968502
22	0.00638161	0.0095109
22.01	0.00647672	0.00933571
22.02	0.00657008	0.0091595
22.03	0.00666167	0.0089823
22.04	0.00675149	0.00880415
22.05	0.00683954	0.0086251
22.06	0.00692579	0.00844519
22.07	0.00701024	0.00826444
22.08	0.00709288	0.00808292
22.09	0.00717371	0.00790065
22.1	0.00725272	0.00771767
22.11	0.0073299	0.00753402
22.12	0.00740524	0.00734976
22.13	0.00747873	0.0071649
22.14	0.00755038	0.0069795
22.15	0.00762018	0.0067936
22.16	0.00768811	0.00660723
22.17	0.00775419	0.00642043
22.18	0.00781839	0.00623324
22.19	0.00788072	0.00604571
22.2	0.00794118	0.00585787
22.21	0.00799976	0.00566975
22.22	0.00805646	0.00548141
22.23	0.00811127	0.00529287
22.24	0.0081642	0.00510418
22.25	0.00821524	0.00491538
22.26	0.00826439	0.0047265
22.27	0.00831166	0.00453758
22.28	0.00835704	0.00434866
22.29	0.00840052	0.00415977
22.3	0.00844212	0.00397096
22.31	0.00848183	0.00378226
22.32	0.00851965	0.00359372
22.33	0.00855559	0.00340536
22.34	0.00858964	0.00321722
22.35	0.00862181	0.00302934
22.36	0.00865211	0.00284175
22.37	0.00868053	0.0026545
22.38	0.00870707	0.00246762
22.39	0.00873175	0.00228114
22.4	0.00875456	0.0020951
22.41	0.00877551	0.00190953
22.42	0.0087946	0.00172448
22.43	0.00881185	0.00153996
22.44	0.00882725	0.00135602
22.45	0.00884081	0.0011727
22.46	0.00885254	0.00099002
22.47	0.00886244	0.000808019
22.48	0.00887052	0.00062673
22.49	0.00887678	0.000446186
22.5	0.00888125	0.00026642
22.51	0.00888391	8.74628e-005
22.52	0.00888478	-9.06527e-005
22.53	0.00888388	-0.000267895
22.54	0.0088812	-0.000444233
22.55	0.00887676	-0.000619636
22.56	0.00887056	-0.000794073
22.57	0.00886262	-0.000967514
22.58	0.00885294	-0.00113993
22.59	0.00884155	-0.00131129
22.6	0.00882843	-0.00148156
22.61	0.00881362	-0.00165072
22.62	0.00879711	-0.00181874
22.63	0.00877892	-0.00198559
22.64	0.00875907	-0.00215124
22.65	0.00873755	-0.00231567
22.66	0.0087144	-0.00247884
22.67	0.00868961	-0.00264073
22.68	0.0086632	-0.00280132
22.69	0.00863519	-0.00296058
22.7	0.00860558	-0.00311848
22.71	0.0085744	-0.003275
22.72	0.00854165	-0.00343011
22.73	0.00850735	-0.00358379
22.74	0.00847151	-0.00373602
22.75	0.00843415	-0.00388677
22.76	0.00839528	-0.00403602
22.77	0.00835492	-0.00418375
22.78	0.00831308	-0.00432993
22.79	0.00826978	-0.00447454
22.8	0.00822504	-0.00461756
22.81	0.00817886	-0.00475897
22.82	0.00813127	-0.00489876
22.83	0.00808229	-0.00503689
22.84	0.00803192	-0.00517335
22.85	0.00798018	-0.00530812
22.86	0.0079271	-0.00544118
22.87	0.00787269	-0.00557252
22.88	0.00781696	-0.00570211
22.89	0.00775994	-0.00582994
22.9	0.00770164	-0.00595599
22.91	0.00764208	-0.00608024
22.92	0.00758128	-0.00620268
22.93	0.00751926	-0.00632329
22.94	0.00745602	-0.00644206
22.95	0.0073916	-0.00655897
22.96	0.00732601	-0.00667401
22.97	0.00725927	-0.00678716
22.98	0.0071914	-0.00689841
22.99	0.00712242	-0.00700775
23	0.00705234	-0.00711516
23.01	0.00698119	-0.00722063
23.02	0.00690898	-0.00732415
23.03	0.00683574	-0.00742571
23.04	0.00676148	-0.00752529
23.05	0.00668623	-0.0076229
23.06	0.00661	-0.00771851
23.07	0.00653282	-0.00781211
23.08	0.00645469	-0.00790371
23.09	0.00637566	-0.00799328
23.1	0.00629572	-0.00808083
23.11	0.00621492	-0.00816634
23.12	0.00613325	-0.00824981
23.13	0.00605075	-0.00833122
23.14	0.00596744	-0.00841058
23.15	0.00588334	-0.00848788
23.16	0.00579846	-0.00856311
23.17	0.00571283	-0.00863626
23.18	0.00562646	-0.00870734
23.19	0.00553939	-0.00877633
23.2	0.00545163	-0.00884323
23.21	0.00536319	-0.00890805
23.22	0.00527411	-0.00897077
23.23	0.00518441	-0.0090314
23.24	0.00509409	-0.00908993
23.25	0.00500319	-0.00914637
23.26	0.00491173	-0.0092007
23.27	0.00481972	-0.00925293
23.28	0.00472719	-0.00930306
23.29	0.00463416	-0.00935109
23.3	0.00454065	-0.00939702
23.31	0.00444668	-0.00944084
23.32	0.00435227	-0.00948257
23.33	0.00425745	-0.00952221
23.34	0.00416223	-0.00955974
23.35	0.00406663	-0.00959519
23.36	0.00397068	-0.00962855
23.37	0.00387439	-0.00965982
23.38	0.00377779	-0.00968901
23.39	0.0036809	-0.00971612
23.4	0.00358374	-0.00974115
23.41	0.00348633	-0.00976412
23.42	0.00338869	-0.00978503
23.43	0.00329084	-0.00980388
23.44	0.0031928	-0.00982067
23.45	0.00309459	-0.00983543
23.46	0.00299624	-0.00984814
23.47	0.00289776	-0.00985883
23.48	0.00279917	-0.00986749
23.49	0.00270049	-0.00987413
23.5	0.00260175	-0.00987877
23.51	0.00250296	-0.00988141
23.52	0.00240415	-0.00988207
23.53	0.00230533	-0.00988074
23.54	0.00220652	-0.00987744
23.55	0.00210775	-0.00987218
23.56	0.00200903	-0.00986498
23.57	0.00191038	-0.00985583
23.58	0.00181182	-0.00984476
23.59	0.00171337	-0.00983177
23.6	0.00161505	-0.00981688
23.61	0.00151688	-0.0098001
23.62	0.00141888	-0.00978144
23.63	0.00132107	-0.00976091
23.64	0.00122346	-0.00973852
23.65	0.00112607	-0.0097143
23.66	0.00102893	-0.00968825
23.67	0.000932049	-0.00966039
23.68	0.000835445	-0.00963073
23.69	0.000739138	-0.00959928
23.7	0.000643145	-0.00956607
23.71	0.000547484	-0.0095311
23.72	0.000452173	-0.0094944
23.73	0.000357229	-0.00945597
23.74	0.000262669	-0.00941583
23.75	0.000168511	-0.00937401
23.76	7.47711e-005	-0.00933051
23.77	-1.8534e-005	-0.00928535
23.78	-0.000111387	-0.00923855
23.79	-0.000203773	-0.00919013
23.8	-0.000295674	-0.00914011
23.81	-0.000387075	-0.00908849
23.82	-0.00047796	-0.00903531
23.83	-0.000568313	-0.00898057
23.84	-0.000658119	-0.0089243
23.85	-0.000747362	-0.00886652
23.86	-0.000836027	-0.00880724
23.87	-0.0009241	-0.00874648
23.88	-0.00101156	-0.00868427
23.89	-0.00109841	-0.00862061
23.9	-0.00118461	-0.00855554
23.91	-0.00127017	-0.00848907
23.92	-0.00135506	-0.00842122
23.93	-0.00143927	-0.00835202
23.94	-0.00152279	-0.00828147
23.95	-0.00160561	-0.00820961
23.96	-0.0016877	-0.00813645
23.97	-0.00176907	-0.00806201
23.98	-0.00184969	-0.00798632
23.99	-0.00192955	-0.0079094
24	-0.00200864	-0.00783126
24.01	-0.00208696	-0.00775193
24.02	-0.00216448	-0.00767143
24.03	-0.00224119	-0.00758978
24.04	-0.00231709	-0.00750701
24.05	-0.00239216	-0.00742313
24.06	-0.00246639	-0.00733817
24.07	-0.00253977	-0.00725216
24.08	-0.00261229	-0.0071651
24.09	-0.00268394	-0.00707703
24.1	-0.00275471	-0.00698796
24.11	-0.00282459	-0.00689793
24.12	-0.00289357	-0.00680695
24.13	-0.00296164	-0.00671504
24.14	-0.00302879	-0.00662223
24.15	-0.00309502	-0.00652855
24.16	-0.0031603	-0.006434
24.17	-0.00322464	-0.00633863
24.18	-0.00328803	-0.00624244
24.19	-0.00335045	-0.00614547
24.2	-0.00341191	-0.00604773
24.21	-0.00347238	-0.00594926
24.22	-0.00353188	-0.00585006
24.23	-0.00359038	-0.00575017
24.24	-0.00364788	-0.00564962
24.25	-0.00370438	-0.00554841
24.26	-0.00375986	-0.00544658
24.27	-0.00381432	-0.00534415
24.28	-0.00386777	-0.00524114
24.29	-0.00392018	-0.00513758
24.3	-0.00397155	-0.00503349
24.31	-0.00402189	-0.00492889
24.32	-0.00407118	-0.00482381
24.33	-0.00411942	-0.00471827
24.34	-0.0041666	-0.00461229
24.35	-0.00421272	-0.00450589
24.36	-0.00425778	-0.00439911
24.37	-0.00430177	-0.00429196
24.38	-0.00434469	-0.00418446
24.39	-0.00438654	-0.00407665
24.4	-0.0044273	-0.00396853
24.41	-0.00446699	-0.00386015
24.42	-0.00450559	-0.00375151
24.43	-0.0045431	-0.00364264
24.44	-0.00457953	-0.00353356
24.45	-0.00461487	-0.0034243
24.46	-0.00464911	-0.00331488
24.47	-0.00468226	-0.00320533
24.48	-0.00471431	-0.00309565
24.49	-0.00474527	-0.00298589
24.5	-0.00477513	-0.00287606
24.51	-0.00480389	-0.00276617
24.52	-0.00483155	-0.00265626
24.53	-0.00485811	-0.00254635
24.54	-0.00488357	-0.00243646
24.55	-0.00490794	-0.0023266
24.56	-0.00493121	-0.00221681
24.57	-0.00495337	-0.0021071
24.58	-0.00497444	-0.0019975
24.59	-0.00499442	-0.00188802
24.6	-0.0050133	-0.0017787
24.61	-0.00503109	-0.00166954
24.62	-0.00504778	-0.00156057
24.63	-0.00506339	-0.00145181
24.64	-0.00507791	-0.00134328
24.65	-0.00509134	-0.00123501
24.66	-0.00510369	-0.00112701
24.67	-0.00511496	-0.0010193
24.68	-0.00512515	-0.000911901
24.69	-0.00513427	-0.000804839
24.7	-0.00514232	-0.000698129
24.71	-0.0051493	-0.000591792
24.72	-0.00515522	-0.000485847
24.73	-0.00516008	-0.000380314
24.74	-0.00516388	-0.00027521
24.75	-0.00516663	-0.000170557
24.76	-0.00516834	-6.63713e-005
24.77	-0.005169	3.73273e-005
24.78	-0.00516863	0.000140521
24.79	-0.00516722	0.000243191
24.8	-0.00516479	0.000345319
24.81	-0.00516134	0.000446888
24.82	-0.00515687	0.000547881
24.83	-0.00515139	0.000648279
24.84	-0.00514491	0.000748065
24.85	-0.00513743	0.000847223
24.86	-0.00512895	0.000945735
24.87	-0.0051195	0.00104359
24.88	-0.00510906	0.00114076
24.89	-0.00509765	0.00123724
24.9	-0.00508528	0.001333
24.91	-0.00507195	0.00142804
24.92	-0.00505767	0.00152234
24.93	-0.00504245	0.00161588
24.94	-0.00502629	0.00170865
24.95	-0.0050092	0.00180064
24.96	-0.0049912	0.00189182
24.97	-0.00497228	0.00198218
24.98	-0.00495246	0.00207172
24.99	-0.00493174	0.00216041
25	-0.00491013	0.00224824
25.01	-0.00488765	0.0023352
25.02	-0.0048643	0.00242128
25.03	-0.00484009	0.00250646
25.04	-0.00481502	0.00259073
25.05	-0.00478912	0.00267407
25.06	-0.00476237	0.00275649
25.07	-0.00473481	0.00283795
25.08	-0.00470643	0.00291846
25.09	-0.00467725	0.00299799
25.1	-0.00464727	0.00307655
25.11	-0.0046165	0.00315411
25.12	-0.00458496	0.00323067
25.13	-0.00455265	0.00330622
25.14	-0.00451959	0.00338074
25.15	-0.00448578	0.00345423
25.16	-0.00445124	0.00352667
25.17	-0.00441597	0.00359806
25.18	-0.00437999	0.00366839
25.19	-0.00434331	0.00373765
25.2	-0.00430593	0.00380583
25.21	-0.00426788	0.00387292
25.22	-0.00422915	0.00393891
25.23	-0.00418976	0.0040038
25.24	-0.00414972	0.00406757
25.25	-0.00410904	0.00413023
25.26	-0.00406774	0.00419176
25.27	-0.00402582	0.00425216
25.28	-0.0039833	0.00431141
25.29	-0.00394019	0.00436952
25.3	-0.00389649	0.00442648
25.31	-0.00385223	0.00448227
25.32	-0.0038074	0.00453691
25.33	-0.00376204	0.00459037
25.34	-0.00371613	0.00464266
25.35	-0.00366971	0.00469377
25.36	-0.00362277	0.00474369
25.37	-0.00357533	0.00479243
25.38	-0.00352741	0.00483998
25.39	-0.00347901	0.00488632
25.4	-0.00343014	0.00493147
25.41	-0.00338083	0.00497542
25.42	-0.00333107	0.00501816
25.43	-0.00328089	0.00505969
25.44	-0.0032303	0.00510001
25.45	-0.0031793	0.00513911
25.46	-0.0031279	0.005177
25.47	-0.00307613	0.00521368
25.48	-0.003024	0.00524913
25.49	-0.00297151	0.00528337
25.5	-0.00291867	0.00531638
25.51	-0.00286551	0.00534817
25.52	-0.00281203	0.00537874
25.53	-0.00275824	0.00540809
25.54	-0.00270416	0.00543621
25.55	-0.0026498	0.00546311
25.56	-0.00259517	0.00548879
25.57	-0.00254028	0.00551325
25.58	-0.00248515	0.00553649
25.59	-0.00242978	0.00555851
25.6	-0.0023742	0.00557932
25.61	-0.0023184	0.0055989
25.62	-0.00226241	0.00561728
25.63	-0.00220624	0.00563444
25.64	-0.0021499	0.00565039
25.65	-0.00209339	0.00566514
25.66	-0.00203674	0.00567868
25.67	-0.00197995	0.00569102
25.68	-0.00192304	0.00570216
25.69	-0.00186602	0.00571211
25.7	-0.0018089	0.00572087
25.71	-0.00175169	0.00572845
25.72	-0.00169441	0.00573484
25.73	-0.00163706	0.00574005
25.74	-0.00157966	0.00574409
25.75	-0.00152222	0.00574697
25.76	-0.00146475	0.00574868
25.77	-0.00140726	0.00574923
25.78	-0.00134977	0.00574863
25.79	-0.00129228	0.00574688
25.8	-0.00123481	0.00574399
25.81	-0.00117737	0.00573997
25.82	-0.00111997	0.00573482
25.83	-0.00106263	0.00572854
25.84	-0.00100534	0.00572115
25.85	-0.000948129	0.00571265
25.86	-0.000891003	0.00570305
25.87	-0.000833972	0.00569236
25.88	-0.000777049	0.00568057
25.89	-0.000720243	0.00566771
25.9	-0.000663566	0.00565378
25.91	-0.000607028	0.00563878
25.92	-0.00055064	0.00562273
25.93	-0.000494413	0.00560563
25.94	-0.000438357	0.00558749
25.95	-0.000382482	0.00556832
25.96	-0.000326799	0.00554812
25.97	-0.000271318	0.00552692
25.98	-0.000216048	0.00550471
25.99	-0.000161001	0.00548151
26	-0.000106186	0.00545732
26.01	-5.1613e-005	0.00543216
26.02	2.70855e-006	0.00540603
26.03	5.67688e-005	0.00537895
26.04	0.000110558	0.00535092
26.05	0.000164067	0.00532195
26.06	0.000217287	0.00529206
26.07	0.000270208	0.00526125
26.08	0.00032282	0.00522954
26.09	0.000375115	0.00519694
26.1	0.000427085	0.00516345
26.11	0.000478719	0.00512909
26.12	0.00053001	0.00509387
26.13	0.000580949	0.0050578
26.14	0.000631527	0.00502089
26.15	0.000681736	0.00498316
26.16	0.000731568	0.00494461
26.17	0.000781014	0.00490525
26.18	0.000830066	0.00486511
26.19	0.000878717	0.00482418
26.2	0.000926959	0.00478249
26.21	0.000974784	0.00474003
26.22	0.00102218	0.00469684
26.23	0.00106915	0.00465291
26.24	0.00111568	0.00460826
26.25	0.00116176	0.00456291
26.26	0.00120739	0.00451686
26.27	0.00125256	0.00447013
26.28	0.00129726	0.00442272
26.29	0.00134149	0.00437467
26.3	0.00138524	0.00432596
26.31	0.0014285	0.00427663
26.32	0.00147126	0.00422667
26.33	0.00151353	0.00417612
26.34	0.00155529	0.00412496
26.35	0.00159654	0.00407323
26.36	0.00163727	0.00402094
26.37	0.00167748	0.00396809
26.38	0.00171716	0.0039147
26.39	0.00175631	0.00386078
26.4	0.00179492	0.00380635
26.41	0.00183298	0.00375142
26.42	0.0018705	0.003696
26.43	0.00190746	0.00364011
26.44	0.00194386	0.00358376
26.45	0.00197969	0.00352697
26.46	0.00201496	0.00346974
26.47	0.00204966	0.00341209
26.48	0.00208378	0.00335404
26.49	0.00211732	0.00329559
26.5	0.00215028	0.00323677
26.51	0.00218265	0.00317758
26.52	0.00221442	0.00311804
26.53	0.0022456	0.00305816
26.54	0.00227618	0.00299796
26.55	0.00230616	0.00293744
26.56	0.00233554	0.00287663
26.57	0.0023643	0.00281554
26.58	0.00239246	0.00275417
26.59	0.00242	0.00269255
26.6	0.00244693	0.00263069
26.61	0.00247323	0.0025686
26.62	0.00249892	0.00250629
26.63	0.00252398	0.00244378
26.64	0.00254842	0.00238108
26.65	0.00257223	0.00231821
26.66	0.00259541	0.00225517
26.67	0.00261797	0.00219199
26.68	0.00263989	0.00212867
26.69	0.00266117	0.00206523
26.7	0.00268182	0.00200168
26.71	0.00270184	0.00193803
26.72	0.00272122	0.00187431
26.73	0.00273996	0.00181051
26.74	0.00275807	0.00174666
26.75	0.00277554	0.00168276
26.76	0.00279236	0.00161884
26.77	0.00280855	0.0015549
26.78	0.0028241	0.00149095
26.79	0.00283901	0.00142702
26.8	0.00285328	0.0013631
26.81	0.00286691	0.00129922
26.82	0.0028799	0.00123539
26.83	0.00289226	0.00117161
26.84	0.00290397	0.00110791
26.85	0.00291505	0.00104429
26.86	0.0029255	0.000980766
26.87	0.0029353	0.000917352
26.88	0.00294448	0.000854059
26.89	0.00295302	0.000790899
26.9	0.00296093	0.000727885
26.91	0.00296821	0.000665027
26.92	0.00297486	0.000602337
26.93	0.00298088	0.000539829
26.94	0.00298628	0.000477512
26.95	0.00299105	0.000415399
26.96	0.00299521	0.000353501
26.97	0.00299874	0.000291829
26.98	0.00300166	0.000230395
26.99	0.00300396	0.00016921
27	0.00300566	0.000108285
27.01	0.00300674	4.76301e-005
27.02	0.00300722	-1.27429e-005
27.03	0.00300709	-7.28235e-005
27.04	0.00300636	-0.000132601
27.05	0.00300503	-0.000192065
27.06	0.00300311	-0.000251206
27.07	0.0030006	-0.000310012
27.08	0.0029975	-0.000368474
27.09	0.00299382	-0.000426581
27.1	0.00298955	-0.000484325
27.11	0.00298471	-0.000541694
27.12	0.00297929	-0.00059868
27.13	0.0029733	-0.000655272
27.14	0.00296675	-0.000711462
27.15	0.00295964	-0.00076724
27.16	0.00295196	-0.000822596
27.17	0.00294374	-0.000877522
27.18	0.00293496	-0.00093201
27.19	0.00292564	-0.000986049
27.2	0.00291578	-0.00103963
27.21	0.00290539	-0.00109275
27.22	0.00289446	-0.00114539
27.23	0.002883	-0.00119756
27.24	0.00287103	-0.00124923
27.25	0.00285854	-0.0013004
27.26	0.00284553	-0.00135107
27.27	0.00283202	-0.00140123
27.28	0.00281801	-0.00145086
27.29	0.0028035	-0.00149997
27.3	0.0027885	-0.00154854
27.31	0.00277302	-0.00159656
27.32	0.00275705	-0.00164404
27.33	0.00274061	-0.00169096
27.34	0.0027237	-0.00173732
27.35	0.00270633	-0.00178311
27.36	0.0026885	-0.00182832
27.37	0.00267021	-0.00187295
27.38	0.00265148	-0.00191699
27.39	0.00263231	-0.00196043
27.4	0.00261271	-0.00200327
27.41	0.00259268	-0.00204551
27.42	0.00257222	-0.00208714
27.43	0.00255135	-0.00212815
27.44	0.00253007	-0.00216853
27.45	0.00250838	-0.00220829
27.46	0.0024863	-0.00224742
27.47	0.00246383	-0.00228591
27.48	0.00244097	-0.00232375
27.49	0.00241773	-0.00236095
27.5	0.00239412	-0.0023975
27.51	0.00237014	-0.0024334
27.52	0.00234581	-0.00246863
27.53	0.00232112	-0.00250321
27.54	0.00229609	-0.00253711
27.55	0.00227072	-0.00257035
27.56	0.00224502	-0.00260291
27.57	0.00221899	-0.0026348
27.58	0.00219264	-0.002666
27.59	0.00216598	-0.00269653
27.6	0.00213901	-0.00272636
27.61	0.00211175	-0.00275551
27.62	0.0020842	-0.00278397
27.63	0.00205636	-0.00281173
27.64	0.00202824	-0.0028388
27.65	0.00199985	-0.00286517
27.66	0.0019712	-0.00289084
27.67	0.00194229	-0.00291581
27.68	0.00191313	-0.00294008
27.69	0.00188373	-0.00296364
27.7	0.0018541	-0.0029865
27.71	0.00182423	-0.00300865
27.72	0.00179414	-0.00303009
27.73	0.00176384	-0.00305082
27.74	0.00173333	-0.00307085
27.75	0.00170263	-0.00309016
27.76	0.00167172	-0.00310876
27.77	0.00164064	-0.00312665
27.78	0.00160937	-0.00314383
27.79	0.00157793	-0.0031603
27.8	0.00154633	-0.00317606
27.81	0.00151457	-0.0031911
27.82	0.00148266	-0.00320544
27.83	0.0014506	-0.00321906
27.84	0.00141841	-0.00323198
27.85	0.00138609	-0.00324419
27.86	0.00135365	-0.00325569
27.87	0.00132109	-0.00326648
27.88	0.00128843	-0.00327657
27.89	0.00125566	-0.00328596
27.9	0.0012228	-0.00329464
27.91	0.00118986	-0.00330263
27.92	0.00115683	-0.00330991
27.93	0.00112373	-0.0033165
27.94	0.00109057	-0.00332239
27.95	0.00105734	-0.00332759
27.96	0.00102407	-0.0033321
27.97	0.000990746	-0.00333592
27.98	0.000957387	-0.00333905
27.99	0.000923997	-0.00334151
28	0.000890582	-0.00334328
28.01	0.000857149	-0.00334437
28.02	0.000823705	-0.00334479
28.03	0.000790257	-0.00334455
28.04	0.000756812	-0.00334363
28.05	0.000723375	-0.00334205
28.06	0.000689955	-0.0033398
28.07	0.000656557	-0.0033369
28.08	0.000623188	-0.00333335
28.09	0.000589854	-0.00332915
28.1	0.000556563	-0.0033243
28.11	0.00052332	-0.00331881
28.12	0.000490132	-0.00331268
28.13	0.000457005	-0.00330592
28.14	0.000423946	-0.00329853
28.15	0.000390961	-0.00329052
28.16	0.000358055	-0.00328188
28.17	0.000325237	-0.00327263
28.18	0.00029251	-0.00326278
28.19	0.000259883	-0.00325231
28.2	0.000227359	-0.00324125
28.21	0.000194947	-0.00322959
28.22	0.000162651	-0.00321734
28.23	0.000130478	-0.00320451
28.24	9.84325e-005	-0.00319109
28.25	6.65216e-005	-0.00317711
28.26	3.47505e-005	-0.00316255
28.27	3.12501e-006	-0.00314743
28.28	-2.83493e-005	-0.00313176
28.29	-5.96669e-005	-0.00311553
28.3	-9.08223e-005	-0.00309876
28.31	-0.00012181	-0.00308145
28.32	-0.000152624	-0.00306361
28.33	-0.00018326	-0.00304524
28.34	-0.000213713	-0.00302635
28.35	-0.000243976	-0.00300694
28.36	-0.000274046	-0.00298703
28.37	-0.000303916	-0.00296661
28.38	-0.000333582	-0.0029457
28.39	-0.000363039	-0.0029243
28.4	-0.000392282	-0.00290242
28.41	-0.000421306	-0.00288006
28.42	-0.000450107	-0.00285723
28.43	-0.000478679	-0.00283394
28.44	-0.000507019	-0.0028102
28.45	-0.000535121	-0.00278601
28.46	-0.000562981	-0.00276138
28.47	-0.000590595	-0.00273631
28.48	-0.000617958	-0.00271082
28.49	-0.000645066	-0.0026849
28.5	-0.000671915	-0.00265858
28.51	-0.000698501	-0.00263185
28.52	-0.000724819	-0.00260472
28.53	-0.000750866	-0.0025772
28.54	-0.000776638	-0.00254929
28.55	-0.000802131	-0.00252102
28.56	-0.000827341	-0.00249237
28.57	-0.000852265	-0.00246336
28.58	-0.000876899	-0.002434
28.59	-0.000901239	-0.00240429
28.6	-0.000925281	-0.00237424
28.61	-0.000949024	-0.00234387
28.62	-0.000972463	-0.00231317
28.63	-0.000995594	-0.00228215
28.64	-0.00101842	-0.00225083
28.65	-0.00104092	-0.00221921
28.66	-0.00106312	-0.00218729
28.67	-0.00108499	-0.00215509
28.68	-0.00110654	-0.00212262
28.69	-0.00112777	-0.00208987
28.7	-0.00114866	-0.00205687
28.71	-0.00116923	-0.00202361
28.72	-0.00118947	-0.00199011
28.73	-0.00120937	-0.00195637
28.74	-0.00122893	-0.0019224
28.75	-0.00124816	-0.00188821
28.76	-0.00126704	-0.0018538
28.77	-0.00128558	-0.00181919
28.78	-0.00130377	-0.00178439
28.79	-0.00132161	-0.00174939
28.8	-0.00133911	-0.00171421
28.81	-0.00135625	-0.00167886
28.82	-0.00137304	-0.00164334
28.83	-0.00138947	-0.00160766
28.84	-0.00140555	-0.00157183
28.85	-0.00142127	-0.00153586
28.86	-0.00143663	-0.00149976
28.87	-0.00145162	-0.00146353
28.88	-0.00146626	-0.00142718
28.89	-0.00148053	-0.00139072
28.9	-0.00149444	-0.00135415
28.91	-0.00150798	-0.00131749
28.92	-0.00152115	-0.00128074
28.93	-0.00153396	-0.00124392
28.94	-0.0015464	-0.00120702
28.95	-0.00155847	-0.00117006
28.96	-0.00157017	-0.00113304
28.97	-0.0015815	-0.00109597
28.98	-0.00159246	-0.00105886
28.99	-0.00160305	-0.00102171
29	-0.00161327	-0.000984545
29.01	-0.00162311	-0.000947357
29.02	-0.00163259	-0.000910158
29.03	-0.00164169	-0.000872955
29.04	-0.00165042	-0.000835756
29.05	-0.00165877	-0.000798569
29.06	-0.00166676	-0.000761401
29.07	-0.00167437	-0.000724259
29.08	-0.00168162	-0.00068715
29.09	-0.00168849	-0.000650082
29.1	-0.00169499	-0.000613062
29.11	-0.00170112	-0.000576097
29.12	-0.00170688	-0.000539194
29.13	-0.00171227	-0.00050236
29.14	-0.0017173	-0.000465603
29.15	-0.00172195	-0.000428929
29.16	-0.00172624	-0.000392345
29.17	-0.00173017	-0.000355859
29.18	-0.00173372	-0.000319476
29.19	-0.00173692	-0.000283204
29.2	-0.00173975	-0.00024705
29.21	-0.00174222	-0.00021102
29.22	-0.00174433	-0.00017512
29.23	-0.00174608	-0.000139358
29.24	-0.00174748	-0.000103739
29.25	-0.00174851	-6.82712e-005
29.26	-0.0017492	-3.29595e-005
29.27	-0.00174953	2.18919e-006
29.28	-0.0017495	3.71688e-005
29.29	-0.00174913	7.1973e-005
29.3	-0.00174841	0.000106596
29.31	-0.00174735	0.000141031
29.32	-0.00174594	0.000175273
29.33	-0.00174418	0.000209315
29.34	-0.00174209	0.000243152
29.35	-0.00173966	0.000276778
29.36	-0.00173689	0.000310188
29.37	-0.00173379	0.000343375
29.38	-0.00173036	0.000376333
29.39	-0.00172659	0.000409059
29.4	-0.0017225	0.000441545
29.41	-0.00171809	0.000473788
29.42	-0.00171335	0.000505781
29.43	-0.00170829	0.000537519
29.44	-0.00170292	0.000568997
29.45	-0.00169723	0.00060021
29.46	-0.00169122	0.000631154
29.47	-0.00168491	0.000661822
29.48	-0.00167829	0.000692211
29.49	-0.00167137	0.000722316
29.5	-0.00166415	0.000752132
29.51	-0.00165663	0.000781654
29.52	-0.00164881	0.000810879
29.53	-0.0016407	0.0008398
29.54	-0.0016323	0.000868415
29.55	-0.00162362	0.000896719
29.56	-0.00161465	0.000924708
29.57	-0.00160541	0.000952378
29.58	-0.00159588	0.000979724
29.59	-0.00158608	0.00100674
29.6	-0.00157602	0.00103343
29.61	-0.00156568	0.00105978
29.62	-0.00155508	0.0010858
29.63	-0.00154423	0.00111147
29.64	-0.00153311	0.0011368
29.65	-0.00152174	0.00116178
29.66	-0.00151013	0.0011864
29.67	-0.00149826	0.00121067
29.68	-0.00148616	0.00123459
29.69	-0.00147381	0.00125814
29.7	-0.00146123	0.00128132
29.71	-0.00144841	0.00130414
29.72	-0.00143537	0.00132659
29.73	-0.00142211	0.00134866
29.74	-0.00140862	0.00137036
29.75	-0.00139492	0.00139168
29.76	-0.001381	0.00141262
29.77	-0.00136687	0.00143318
29.78	-0.00135254	0.00145335
29.79	-0.00133801	0.00147313
29.8	-0.00132328	0.00149253
29.81	-0.00130835	0.00151153
29.82	-0.00129324	0.00153014
29.83	-0.00127794	0.00154835
29.84	-0.00126245	0.00156617
29.85	-0.00124679	0.00158359
29.86	-0.00123095	0.00160061
29.87	-0.00121495	0.00161722
29.88	-0.00119878	0.00163344
29.89	-0.00118244	0.00164924
29.9	-0.00116595	0.00166465
29.91	-0.0011493	0.00167964
29.92	-0.00113251	0.00169423
29.93	-0.00111556	0.00170841
29.94	-0.00109848	0.00172218
29.95	-0.00108126	0.00173554
29.96	-0.0010639	0.00174848
29.97	-0.00104642	0.00176102
29.98	-0.00102881	0.00177314
29.99	-0.00101108	0.00178485
30	-0.000993228	0.00179615
