    0 5
 0.01 4.97013
 0.02 4.94057
 0.03 4.91129
 0.04 4.88231
 0.05 4.85362
 0.06 4.82521
 0.07 4.79708
 0.08 4.76924
 0.09 4.74167
  0.1 4.71438
 0.11 4.68735
 0.12 4.6606
 0.13 4.63411
 0.14 4.60789
 0.15 4.58193
 0.16 4.55623
 0.17 4.53078
 0.18 4.50558
 0.19 4.48064
  0.2 4.45595
 0.21 4.4315
 0.22 4.40729
 0.23 4.38333
 0.24 4.3596
 0.25 4.33611
 0.26 4.31285
 0.27 4.28983
 0.28 4.26703
 0.29 4.24447
  0.3 4.22212
 0.31 4.2
 0.32 4.1781
 0.33 4.15642
 0.34 4.13495
 0.35 4.11369
 0.36 4.09265
 0.37 4.07182
 0.38 4.05119
 0.39 4.03077
  0.4 4.01056
 0.41 3.99054
 0.42 3.97073
 0.43 3.95111
 0.44 3.93168
 0.45 3.91245
 0.46 3.89342
 0.47 3.87457
 0.48 3.8559
 0.49 3.83743
  0.5 3.81914
 0.51 3.80103
 0.52 3.7831
 0.53 3.76535
 0.54 3.74777
 0.55 3.73037
 0.56 3.71315
 0.57 3.69609
 0.58 3.67921
 0.59 3.66249
  0.6 3.64594
 0.61 3.62956
 0.62 3.61333
 0.63 3.59727
 0.64 3.58137
 0.65 3.56563
 0.66 3.55004
 0.67 3.53461
 0.68 3.51933
 0.69 3.50421
  0.7 3.48923
 0.71 3.47441
 0.72 3.45973
 0.73 3.4452
 0.74 3.43081
 0.75 3.41657
 0.76 3.40247
 0.77 3.3885
 0.78 3.37468
 0.79 3.361
  0.8 3.34745
 0.81 3.33403
 0.82 3.32075
 0.83 3.3076
 0.84 3.29459
 0.85 3.2817
 0.86 3.26894
 0.87 3.25631
 0.88 3.2438
 0.89 3.23142
  0.9 3.21916
 0.91 3.20702
 0.92 3.19501
 0.93 3.18311
 0.94 3.17133
 0.95 3.15967
 0.96 3.14813
 0.97 3.1367
 0.98 3.12538
 0.99 3.11418
    1 3.10309
 1.01 3.0921
 1.02 3.08123
 1.03 3.07047
 1.04 3.05981
 1.05 3.04926
 1.06 3.03882
 1.07 3.02847
 1.08 3.01824
 1.09 3.0081
  1.1 2.99806
 1.11 2.98813
 1.12 2.97829
 1.13 2.96855
 1.14 2.95891
 1.15 2.94936
 1.16 2.93991
 1.17 2.93056
 1.18 2.92129
 1.19 2.91212
  1.2 2.90304
 1.21 2.89405
 1.22 2.88515
 1.23 2.87634
 1.24 2.86761
 1.25 2.85898
 1.26 2.85043
 1.27 2.84196
 1.28 2.83358
 1.29 2.82528
  1.3 2.81706
 1.31 2.80893
 1.32 2.80088
 1.33 2.7929
 1.34 2.78501
 1.35 2.7772
 1.36 2.76946
 1.37 2.7618
 1.38 2.75421
 1.39 2.74671
  1.4 2.73927
 1.41 2.73191
 1.42 2.72463
 1.43 2.71741
 1.44 2.71027
 1.45 2.7032
 1.46 2.6962
 1.47 2.68927
 1.48 2.68241
 1.49 2.67561
  1.5 2.66889
 1.51 2.66223
 1.52 2.65564
 1.53 2.64911
 1.54 2.64265
 1.55 2.63625
 1.56 2.62992
 1.57 2.62365
 1.58 2.61744
 1.59 2.61129
  1.6 2.6052
 1.61 2.59918
 1.62 2.59322
 1.63 2.58731
 1.64 2.58146
 1.65 2.57567
 1.66 2.56994
 1.67 2.56427
 1.68 2.55865
 1.69 2.55309
  1.7 2.54758
 1.71 2.54213
 1.72 2.53674
 1.73 2.53139
 1.74 2.5261
 1.75 2.52087
 1.76 2.51568
 1.77 2.51055
 1.78 2.50546
 1.79 2.50043
  1.8 2.49545
 1.81 2.49052
 1.82 2.48563
 1.83 2.4808
 1.84 2.47601
 1.85 2.47128
 1.86 2.46658
 1.87 2.46194
 1.88 2.45734
 1.89 2.45279
  1.9 2.44828
 1.91 2.44382
 1.92 2.4394
 1.93 2.43502
 1.94 2.43069
 1.95 2.42641
 1.96 2.42216
 1.97 2.41796
 1.98 2.4138
 1.99 2.40968
    2 2.4056
