0.2
0.1968
0.193689
0.190664
0.187722
0.18486
0.182074
0.179363
0.176723
0.174151
0.171647
0.169206
0.166827
0.164509
0.162248
0.160042
0.157891
0.155791
0.153742
0.151742
0.149789
0.147881
0.146018
0.144197
0.142418
0.140678
0.138978
0.137315
0.135688
0.134097
0.13254
0.131016
0.129524
0.128064
0.126634
0.125233
0.123861
0.122517
0.1212
0.119909
0.118644
0.117403
0.116187
0.114993
0.113823
0.112675
0.111549
0.110443
0.109358
0.108293
0.107247
0.10622
0.105212
0.104221
0.103248
0.102292
0.101353
0.10043
0.0995226
0.0986307
0.0977539
0.0968917
0.0960439
0.09521
0.0943898
0.093583
0.0927892
0.0920081
0.0912394
0.0904829
0.0897383
0.0890052
0.0882836
0.087573
0.0868732
0.0861841
0.0855053
0.0848367
0.0841781
0.0835291
0.0828897
0.0822596
0.0816386
0.0810265
0.0804232
0.0798284
0.079242
0.0786638
0.0780937
0.0775315
0.076977
0.07643
0.0758905
0.0753583
0.0748332
0.0743151
0.0738039
0.0732994
0.0728015
0.0723101
0.071825
